No.	NAME	MW	AMW	nTA	nBM	RBN	nF	N%	O%	D/Dtr05	D/Dtr09	D/Dtr10	MAXDP	X2v	Yindex	IC3	CIC5	VR1_D/Dt	ATSC2m	ATSC3m	ATSC1p	GATS6e	P_VSA_LogP_1	P_VSA_LogP_2	P_VSA_LogP_3	P_VSA_LogP_8	P_VSA_MR_3	P_VSA_MR_5	P_VSA_MR_7	P_VSA_v_3	P_VSA_p_4	P_VSA_s_1	P_VSA_s_3	P_VSA_s_5	P_VSA_ppp_D	SpDiam_EA(dm)	Chi1_EA(dm)	SM13_AEA(dm)	SM14_AEA(dm)	SM15_AEA(dm)	SM02_AEA(ri)	SM03_AEA(ri)	SM04_AEA(ri)	SM05_AEA(ri)	SM06_AEA(ri)	SM10_AEA(ri)	nCp	nCs	H-046	H-047	H-051	H-052	SaaN	SssO	CATS2D_02_AA	CATS2D_02_AL	CATS2D_03_AL	CATS2D_05_AL	CATS2D_04_LL	T(N..Cl)	T(O..F)	T(O..Cl)	T(F..Cl)	F01[C-N]	F03[C-O]	F03[C-Cl]	MLOGP2
1	C(C(OC(F)F)(F)F)(F)Cl	184.500	15.375	6	0	1	5	0.0	8.3	0.000	0.000	0.000	3.588	1.624	2.995	3.252	1.959	na	5.044	2.830	1.275	0.000	0.000	0.000	2.494	14.055	11.000	14.055	0.000	55.698	0.000	0.000	0.000	0.000	0.000	4.504	4.370	-1.115	-2.000	-2.000	-3.000	-5.192	-6.772	0.000	0.000	0.000	1	0	0	0	0	0	0.000	2.525	0	0	1	0	0	0	11	3	18	0	0	0	3.120
2	CCCO	60.110	5.009	2	0	1	0	0.0	8.3	0.000	0.000	0.000	1.875	0.724	3.132	2.855	2.786	na	3.978	3.638	0.991	0.000	8.825	2.535	42.683	0.000	42.683	11.360	0.000	11.360	0.000	0.000	2.535	0.000	42.683	0.000	0.000	0.000	0.000	0.000	0.000	0.000	0.000	0.000	0.000	0.000	2	1	3	2	0	2	0.000	0.000	0	1	1	0	0	0	0	0	0	0	1	0	0.120
3	c1c(c(cc(c1Cl)Cl)Cl)O	197.440	15.188	4	6	0	0	0.0	7.7	0.000	0.000	0.000	2.950	2.939	1.909	3.547	-0.000	9.646	4.696	13.813	0.629	2.423	0.000	0.000	18.952	117.446	0.000	0.000	117.446	146.900	0.000	0.000	10.502	0.000	42.683	0.000	3.619	1.372	-1.167	-1.372	-3.167	-4.372	-4.660	-6.660	0.000	0.000	0	0	0	2	0	0	0.000	0.000	0	1	2	1	1	0	0	12	0	0	2	6	10.982
4	c1cc(ccc1CCl)Cl	161.030	10.735	2	6	0	0	0.0	0.0	0.000	0.000	0.000	1.514	2.464	1.630	3.240	0.667	8.532	5.593	6.777	1.045	3.073	0.000	2.850	37.905	39.149	0.000	2.850	78.297	125.738	0.000	0.000	9.536	0.000	0.000	2.060	5.024	0.868	-0.533	-2.787	-3.000	-4.224	-5.275	0.000	0.000	0.000	1	0	0	6	0	0	0.000	0.000	0	0	0	0	3	0	0	0	0	0	0	4	12.439
5	CCC(C)(C)O	88.170	4.898	4	0	1	0	0.0	5.6	0.000	0.000	0.000	2.826	2.166	5.184	2.822	2.979	na	6.777	8.489	1.708	0.000	26.476	2.535	42.683	0.000	42.683	29.010	0.000	29.010	0.000	0.000	2.535	0.000	42.683	0.000	3.488	-3.000	-4.381	0.000	0.000	0.000	0.000	0.000	0.000	0.000	3	1	3	0	0	8	0.000	0.000	0	3	1	0	0	0	0	0	0	0	1	0	1.463
6	c1ccc(c(c1)N)[N](=O)[O]	138.140	8.634	3	7	1	0	12.5	12.5	0.000	0.000	0.000	3.147	1.816	1.869	3.500	0.125	9.663	3.886	5.549	1.147	2.133	6.545	0.000	70.802	0.000	0.000	0.000	6.545	43.418	0.000	0.000	5.513	0.000	32.897	2.393	7.301	2.304	-0.520	-2.000	-2.016	-3.459	-5.184	-6.295	0.000	0.000	0	0	0	4	0	0	0.000	0.000	1	1	4	2	0	0	0	0	0	2	4	0	0.613
7	CC(C)CCOC(=O)C	130.210	5.661	4	1	4	0	0.0	8.7	0.000	0.000	0.000	3.203	2.523	1.821	3.382	1.339	na	9.505	10.794	2.213	0.798	26.476	7.127	0.000	0.000	0.000	33.603	0.000	40.794	0.000	0.000	14.318	0.000	0.000	4.174	2.837	-0.553	-2.000	-2.000	-3.359	-4.389	0.000	0.000	0.000	0.000	3	1	7	2	3	2	0.000	4.714	1	3	1	1	1	0	0	0	0	0	2	0	2.981
8	CC(C)CC(=O)C	100.180	5.273	4	1	2	0	0.0	5.3	0.000	0.000	0.000	3.254	2.300	2.672	2.971	2.290	na	7.021	8.418	1.939	0.000	26.476	2.535	0.000	0.000	0.000	29.010	0.000	34.144	0.000	0.000	7.668	0.000	0.000	3.677	1.993	-2.000	-2.000	-4.772	0.000	0.000	0.000	0.000	0.000	0.000	3	1	7	0	5	0	0.000	0.000	0	2	1	0	2	0	0	0	0	0	1	0	2.080
9	CC(C)(C)c1ccc(cc1)C=O	162.250	6.240	4	7	2	0	0.0	3.8	0.000	0.000	0.000	3.367	3.990	1.466	3.113	1.588	11.516	9.910	12.738	2.764	0.379	26.476	0.000	37.905	0.000	0.000	26.476	11.424	82.176	0.000	0.000	6.371	0.000	0.000	0.000	5.882	2.275	0.747	-1.049	-3.000	-3.000	-3.000	-4.021	-5.275	0.000	3	0	9	4	0	0	0.000	0.000	0	1	2	1	7	0	0	0	0	0	2	0	9.086
10	Cc1ccc(cc1)C(C)(C)C	148.270	5.491	4	6	1	0	0.0	0.0	0.000	0.000	0.000	0.234	4.116	1.648	2.902	1.705	10.539	10.435	13.222	2.963	0.725	35.301	0.000	37.905	0.000	0.000	35.301	0.000	79.577	0.000	0.000	6.371	0.000	0.000	0.000	7.353	2.275	-0.470	-3.000	-3.000	-3.000	-3.065	-5.275	-6.870	0.000	4	0	12	4	0	0	0.000	0.000	0	0	0	0	8	0	0	0	0	0	0	0	14.851
11	C/C(=N\c1ccccc1)/O	135.180	7.115	2	7	1	0	5.3	5.3	0.000	0.000	0.000	2.756	1.995	1.435	3.432	0.671	9.618	6.267	7.958	1.725	1.059	8.825	0.000	47.381	0.000	0.000	25.611	0.000	58.963	0.000	0.000	2.757	0.000	42.683	2.786	8.302	2.136	-0.366	-2.000	-2.294	-2.347	-4.789	-5.180	0.000	0.000	1	0	0	5	3	0	0.000	0.000	1	4	2	2	2	0	0	0	0	2	1	0	4.135
12	CC(=O)OC(=O)C	102.100	7.854	4	2	2	0	0.0	23.1	0.000	0.000	0.000	2.811	1.085	2.672	2.046	2.355	na	5.110	5.347	1.072	0.000	17.650	0.000	0.000	0.000	0.000	17.650	0.000	32.033	0.000	0.000	14.383	0.000	0.000	4.612	2.516	-2.000	-2.000	-4.772	0.000	0.000	0.000	0.000	0.000	0.000	2	0	0	0	6	0	0.000	3.972	2	4	0	0	1	0	0	0	0	0	2	0	0.207
13	CC(=O)CC(=O)O	102.100	7.854	4	2	2	0	0.0	23.1	0.000	0.000	0.000	2.873	1.273	2.672	3.181	1.789	na	4.515	5.872	1.129	0.000	8.825	2.535	0.000	0.000	0.000	11.360	0.000	17.403	0.000	0.000	8.578	0.000	42.683	4.242	2.637	-2.000	-2.000	-4.772	0.000	0.000	0.000	0.000	0.000	0.000	1	1	0	0	5	0	0.000	0.000	1	4	0	0	0	0	0	0	0	0	3	0	0.127
14	CC(=O)Cl	78.500	11.214	3	1	0	0	0.0	14.3	0.000	0.000	0.000	2.210	1.003	0.000	1.326	0.000	na	3.299	6.159	0.626	0.000	8.825	0.000	0.000	0.000	0.000	8.825	0.000	53.422	0.000	0.000	5.449	0.000	0.000	4.825	1.003	0.000	0.000	0.000	0.000	0.000	0.000	0.000	0.000	0.000	1	0	0	0	3	0	0.000	0.000	0	2	0	0	0	0	0	2	0	0	0	0	0.041
15	C#C	26.040	6.510	2	1	0	0	0.0	0.0	0.000	0.000	0.000	0.000	0.000	0.000	0.500	0.000	0.816	0.419	0.210	0.288	0.000	0.000	0.000	0.000	0.000	0.000	0.000	0.000	46.642	0.000	0.000	0.000	0.000	0.000	0.000	0.000	0.000	0.000	0.000	0.000	0.000	0.000	0.000	0.000	0.000	0	0	0	0	0	0	0.000	0.000	0	0	0	0	0	0	0	0	0	0	0	0	0.489
16	C=CC=O	56.070	7.009	2	2	1	0	0.0	12.5	0.000	0.000	0.000	2.056	0.372	3.132	2.375	0.000	na	2.149	2.058	0.714	0.000	0.000	15.767	9.476	0.000	0.000	0.000	20.900	36.667	0.000	0.000	0.000	0.000	0.000	0.000	0.000	0.000	0.000	0.000	0.000	0.000	0.000	0.000	0.000	0.000	0	0	0	3	0	0	0.000	0.000	0	1	1	0	0	0	0	0	0	0	1	0	0.009
17	C=CC(=O)O	72.070	8.008	3	2	1	0	0.0	22.2	0.000	0.000	0.000	2.250	0.542	3.916	2.948	2.336	na	2.308	2.868	0.731	0.000	0.000	15.767	9.476	0.000	0.000	0.000	9.476	26.153	0.000	0.000	0.910	0.000	42.683	2.873	1.651	-3.226	0.000	0.000	0.000	0.000	0.000	0.000	0.000	0.000	0	0	0	3	0	0	0.000	0.000	1	2	2	0	0	0	0	0	0	0	2	0	0.001
18	C(CCC(=O)O)CC(=O)O	146.160	7.308	4	2	5	0	0.0	20.0	0.000	0.000	0.000	2.897	1.995	1.625	2.922	1.400	na	7.589	11.562	1.812	1.966	0.000	10.138	0.000	0.000	0.000	10.138	0.000	11.958	0.000	0.000	11.958	0.000	85.367	3.925	3.785	0.636	-1.592	-2.000	-2.000	-3.715	-4.324	0.000	0.000	0.000	0	4	4	0	4	0	0.000	0.000	2	4	4	4	0	0	0	0	0	0	4	0	0.189
19	c1ccc2c(c1)cccc2O	144.180	7.588	1	11	0	0	0.0	5.3	0.000	0.000	34.168	3.371	2.498	1.476	3.537	0.000	11.651	5.438	8.115	1.749	0.799	0.000	0.000	66.334	0.000	0.000	0.000	0.000	71.480	0.000	0.000	5.146	0.000	42.683	0.000	1.163	2.814	1.968	-0.480	-1.478	-2.121	-3.453	-4.585	-5.356	0.000	0	0	0	7	0	0	0.000	0.000	0	2	3	1	5	0	0	0	0	0	3	0	6.954
20	Cc1ccccn1	93.140	6.653	1	6	0	0	7.1	0.0	0.000	0.000	0.000	0.979	1.471	2.022	3.468	0.340	6.593	4.860	5.266	1.258	0.000	8.825	0.000	28.429	0.000	0.000	20.629	16.786	49.058	0.000	0.000	2.757	0.000	0.000	0.000	1.471	-0.838	-2.347	-3.206	-4.789	0.000	0.000	0.000	0.000	0.000	1	0	0	3	3	0	3.979	0.000	0	3	1	0	1	0	0	0	0	2	0	0	0.716
21	c1ccc(cc1)N	93.140	6.653	1	6	0	0	7.1	0.0	0.000	0.000	0.000	1.358	1.411	2.022	2.896	0.714	6.593	4.476	5.536	1.190	0.000	0.000	0.000	80.278	0.000	0.000	0.000	0.000	50.138	0.000	0.000	2.757	0.000	32.897	0.000	2.500	-0.838	-2.347	-3.206	-4.789	0.000	0.000	0.000	0.000	0.000	0	0	0	5	0	0	0.000	0.000	0	0	0	0	0	0	0	0	0	1	0	0	2.268
22	c1ccc(c(c1)C(=O)O)N	137.150	8.068	3	7	1	0	5.9	11.8	0.000	0.000	0.000	3.342	1.892	1.869	3.852	0.118	9.663	4.524	6.309	1.421	1.053	0.000	0.000	70.802	0.000	0.000	0.000	0.000	44.757	0.000	0.000	6.852	0.000	75.581	2.873	5.027	2.304	-0.520	-2.000	-2.016	-3.459	-5.184	-6.295	0.000	0.000	0	0	0	4	0	0	0.000	0.000	1	2	2	2	0	0	0	0	0	1	4	0	2.700
23	c1ccc(cc1)C(Cl)Cl	161.030	10.735	2	6	0	0	0.0	0.0	0.000	0.000	0.000	1.457	2.808	1.764	3.057	0.667	8.605	9.040	4.756	1.045	3.073	0.000	0.000	47.381	0.000	0.000	0.000	0.000	128.864	0.000	0.000	3.186	0.000	0.000	3.211	4.510	2.136	-1.582	-2.000	-2.347	-4.789	-5.459	0.000	0.000	0.000	1	0	0	5	0	0	0.000	0.000	0	0	0	0	4	0	0	0	0	0	0	4	12.439
24	c1ccc(cc1)C=O	106.130	7.581	1	7	1	0	0.0	7.1	0.000	0.000	0.000	3.006	1.529	1.782	3.039	0.571	7.596	3.950	5.219	1.297	3.791	0.000	0.000	47.381	0.000	0.000	0.000	11.424	61.991	0.000	0.000	3.186	0.000	0.000	0.000	0.000	0.604	-1.393	-2.347	-4.096	-4.789	0.000	0.000	0.000	0.000	0	0	0	5	0	0	0.000	0.000	0	1	2	1	0	0	0	0	0	0	2	0	3.129
25	c1ccc(cc1)CO	108.150	6.759	1	6	1	0	0.0	6.3	0.000	0.000	0.000	2.538	1.644	1.782	3.203	0.625	7.596	5.552	6.561	1.615	1.428	0.000	0.000	90.065	0.000	42.683	0.000	0.000	50.567	0.000	0.000	3.186	0.000	42.683	1.529	5.394	0.604	-1.393	-2.347	-4.096	-4.789	0.000	0.000	0.000	0.000	1	0	0	7	0	0	0.000	0.000	0	1	2	1	0	0	0	0	0	0	2	0	2.532
26	c1ccc(cc1)CCl	126.590	8.439	1	6	0	0	0.0	0.0	0.000	0.000	0.000	1.416	1.886	1.782	3.057	0.667	7.596	6.748	6.252	1.324	2.633	0.000	2.850	47.381	0.000	0.000	2.850	39.149	92.565	0.000	0.000	6.035	0.000	0.000	2.060	4.383	0.604	-1.393	-2.347	-4.096	-4.789	0.000	0.000	0.000	0.000	1	0	0	7	0	0	0.000	0.000	0	0	0	0	2	0	0	0	0	0	0	2	8.653
27	CC(C)(c1ccc(cc1)O)c2ccc(cc2)O	228.310	6.918	4	12	2	0	0.0	6.1	0.000	0.000	0.000	3.296	4.719	0.996	3.302	1.743	17.629	11.694	16.452	3.375	0.622	17.650	0.000	75.810	0.000	0.000	17.650	0.000	99.832	0.000	0.000	6.371	0.000	85.367	1.360	17.514	5.477	3.672	2.275	2.275	-0.388	-0.593	-3.000	-3.000	-5.275	2	0	6	8	0	0	0.000	0.000	0	4	4	2	16	0	0	0	0	0	4	0	10.928
28	B(F)(F)F	67.810	16.953	3	0	0	3	0.0	0.0	0.000	0.000	0.000	1.667	0.247	0.000	0.000	0.000	na	0.087	0.000	1.108	0.000	0.000	0.000	0.000	0.000	0.000	0.000	0.000	0.000	0.000	0.000	0.000	0.000	0.000	0.000	0.000	0.000	0.000	0.000	0.000	0.000	0.000	0.000	0.000	0.000	0	0	0	0	0	0	0.000	0.000	0	0	0	0	0	0	0	0	0	0	0	0	0.298
29	CCCBr	123.000	11.182	2	0	0	0	0.0	0.0	0.000	0.000	0.000	0.498	1.482	3.132	2.349	0.000	na	14.204	17.552	1.231	0.000	8.825	4.939	0.000	45.954	0.000	13.764	0.000	59.718	0.000	0.000	4.939	45.954	0.000	0.000	0.000	0.000	0.000	0.000	0.000	0.000	0.000	0.000	0.000	0.000	2	1	3	2	0	2	0.000	0.000	0	0	0	0	0	0	0	0	0	0	0	0	4.106
30	CS(=O)(=O)OCCCCOS(=O)(=O)C	246.340	8.798	6	4	7	0	0.0	21.4	0.000	0.000	0.000	3.474	6.047	1.463	3.039	1.768	na	20.001	22.227	3.633	0.927	14.381	14.254	15.500	0.000	17.091	14.254	15.500	44.134	0.000	15.500	14.254	0.000	0.000	6.648	4.630	2.354	0.697	-1.206	-3.000	-3.000	-3.000	-3.000	-3.013	0.000	0	2	0	10	0	4	0.000	8.857	6	2	2	4	0	0	0	0	0	0	6	0	0.250
31	CCCCOC(=O)C	116.180	5.809	3	1	4	0	0.0	10.0	0.000	0.000	0.000	3.096	1.694	1.812	3.546	0.992	na	8.250	8.893	1.867	0.894	17.650	9.661	0.000	0.000	0.000	27.312	0.000	34.503	0.000	0.000	16.853	0.000	0.000	4.174	2.837	-0.576	-2.000	-2.489	-4.115	0.000	0.000	0.000	0.000	0.000	2	2	5	2	3	2	0.000	4.643	1	3	1	1	1	0	0	0	0	0	2	0	1.886
32	C(C(=O)O)Cl	94.500	11.813	3	1	0	0	0.0	25.0	0.000	0.000	0.000	2.236	0.795	3.916	2.375	0.000	na	4.559	2.955	0.699	0.000	0.000	2.850	0.000	0.000	0.000	2.850	39.149	42.908	0.000	0.000	3.759	0.000	42.683	4.200	1.638	-3.226	0.000	0.000	0.000	0.000	0.000	0.000	0.000	0.000	1	0	0	2	0	0	0.000	0.000	1	0	2	0	0	0	0	6	0	0	0	0	0.018
33	C(C(=O)Cl)Cl	112.940	16.134	3	1	0	0	0.0	14.3	0.000	0.000	0.000	2.446	1.178	3.916	1.720	0.000	na	7.628	6.684	0.422	0.000	0.000	2.850	0.000	0.000	0.000	2.850	39.149	86.595	0.000	0.000	8.298	0.000	0.000	4.936	1.424	-3.226	0.000	0.000	0.000	0.000	0.000	0.000	0.000	0.000	1	0	0	2	0	0	0.000	0.000	0	1	1	0	0	0	0	5	0	0	0	0	0.429
34	COCCl	80.520	8.947	2	0	0	0	0.0	11.1	0.000	0.000	0.000	0.853	0.616	3.132	2.067	0.000	na	7.965	1.406	0.816	0.000	10.883	4.907	0.000	0.000	11.000	4.907	0.000	54.939	0.000	0.000	4.907	0.000	0.000	2.885	1.386	0.000	0.000	0.000	0.000	0.000	0.000	0.000	0.000	0.000	0	0	0	3	0	0	0.000	4.307	0	1	0	0	0	0	0	2	0	0	0	1	0.120
35	c1ccc(c(c1)[N](=O)[O])Cl	157.560	11.254	3	7	1	0	7.1	14.3	0.000	0.000	0.000	3.143	2.116	1.869	3.664	0.000	9.663	0.941	5.382	1.020	3.543	6.545	0.000	37.905	39.149	0.000	0.000	45.693	83.311	0.000	0.000	6.257	0.000	0.000	2.393	5.200	2.304	-0.520	-2.000	-2.016	-3.459	-5.184	-6.295	0.000	0.000	0	0	0	4	0	0	0.000	0.000	1	1	5	2	1	3	0	8	0	1	4	2	3.780
36	CC(C(=O)O)Cl	108.530	9.866	4	1	1	0	0.0	18.2	0.000	0.000	0.000	2.567	1.609	3.971	3.027	2.634	na	5.227	10.358	1.029	0.000	8.825	0.000	0.000	0.000	0.000	8.825	39.149	48.884	0.000	0.000	0.910	0.000	42.683	4.200	2.753	-2.000	-4.745	0.000	0.000	0.000	0.000	0.000	0.000	0.000	1	1	0	1	0	3	0.000	0.000	1	0	4	0	0	0	0	6	0	0	2	0	0.344
37	CC(C)c1ccccc1	120.210	5.724	2	6	1	0	0.0	0.0	0.000	0.000	0.000	0.204	2.565	1.764	3.046	1.215	8.605	7.841	9.347	2.254	0.741	17.650	0.000	47.381	0.000	0.000	17.650	0.000	68.217	0.000	0.000	3.186	0.000	0.000	0.000	2.941	2.136	-1.582	-2.000	-2.347	-4.789	-5.459	0.000	0.000	0.000	2	0	7	5	0	0	0.000	0.000	0	0	0	0	5	0	0	0	0	0	0	0	10.620
38	C(C#N)C(=O)O	85.070	9.452	3	2	1	0	11.1	22.2	0.000	0.000	0.000	2.377	0.729	2.636	2.948	2.465	na	1.898	2.912	0.634	0.000	0.000	2.535	0.000	0.000	0.000	33.594	0.000	20.046	0.000	0.000	3.444	16.602	42.683	5.354	1.710	-2.000	-3.851	0.000	0.000	0.000	0.000	0.000	0.000	0.000	0	1	0	0	2	0	0.000	0.000	1	3	0	0	0	0	0	0	0	1	2	0	0.656
39	C(#N)Cl	61.470	20.490	2	1	0	0	33.3	0.0	0.000	0.000	0.000	1.085	0.254	0.000	0.000	0.000	na	0.672	0.000	0.028	0.000	0.000	0.000	0.000	0.000	0.000	31.059	39.149	56.065	0.000	0.000	0.000	16.917	0.000	4.740	0.422	0.000	0.000	0.000	0.000	0.000	0.000	0.000	0.000	0.000	0	0	0	0	0	0	0.000	0.000	0	1	0	0	0	2	0	0	0	1	0	0	0.101
40	c1(nc(nc(n1)Cl)Cl)Cl	184.410	20.490	3	6	0	0	33.3	0.0	0.000	0.000	0.000	1.208	2.157	1.903	1.585	1.585	na	6.402	6.420	0.129	0.000	0.000	0.000	0.000	0.000	0.000	7.929	50.357	125.375	0.000	0.000	7.929	0.000	0.000	0.000	3.846	-0.891	-0.891	-1.583	-4.072	-4.072	-6.000	0.000	0.000	0.000	0	0	0	0	0	0	10.376	0.000	3	6	0	0	3	24	0	0	0	6	0	6	5.614
41	C1CCCCC1	84.180	4.677	0	0	0	0	0.0	0.0	0.000	0.000	0.000	0.000	2.121	2.056	0.918	3.252	na	7.270	7.829	2.046	0.000	0.000	15.207	0.000	0.000	0.000	15.207	0.000	15.207	0.000	0.000	15.207	0.000	0.000	0.000	0.000	-2.000	-2.000	-4.000	0.000	0.000	0.000	0.000	0.000	0.000	0	6	12	0	0	0	0.000	0.000	0	0	0	0	0	0	0	0	0	0	0	0	9.760
42	C1CCC(CC1)O	100.180	5.273	1	0	0	0	0.0	5.3	0.000	0.000	0.000	2.909	2.292	2.022	2.800	1.158	6.593	8.417	10.638	2.057	0.000	0.000	12.673	42.683	0.000	42.683	12.673	0.000	12.673	0.000	0.000	12.673	0.000	42.683	0.000	1.163	-0.838	-2.347	-3.206	-4.789	0.000	0.000	0.000	0.000	0.000	0	6	6	1	0	4	0.000	0.000	0	2	2	0	0	0	0	0	0	0	2	0	1.428
43	C1CCC(=O)CC1	98.160	5.774	1	1	0	0	0.0	5.9	0.000	0.000	0.000	3.463	2.099	2.022	2.793	1.294	6.593	7.408	9.681	1.885	0.000	0.000	12.673	0.000	0.000	0.000	12.673	0.000	17.806	0.000	0.000	17.806	0.000	0.000	3.677	2.684	-0.838	-2.347	-3.206	-4.789	0.000	0.000	0.000	0.000	0.000	0	5	6	0	4	0	0.000	0.000	0	2	2	0	0	0	0	0	0	0	2	0	1.103
44	COC	46.080	5.120	2	0	0	0	0.0	11.1	0.000	0.000	0.000	0.750	0.408	0.000	0.872	0.000	na	2.892	1.178	0.482	0.000	21.766	0.000	0.000	0.000	11.000	0.000	0.000	21.766	0.000	0.000	0.000	0.000	0.000	1.720	1.163	0.000	0.000	0.000	0.000	0.000	0.000	0.000	0.000	0.000	0	0	0	6	0	0	0.000	4.250	0	0	0	0	0	0	0	0	0	0	0	0	0.030
45	COC(=O)CC(=O)OC	132.130	7.772	4	2	4	0	0.0	23.5	0.000	0.000	0.000	3.258	1.329	2.282	2.587	1.741	na	7.607	5.977	1.339	2.652	21.766	2.535	0.000	0.000	0.000	2.535	0.000	38.683	0.000	0.000	16.917	0.000	0.000	4.455	3.472	0.261	-1.252	-2.834	-3.144	-5.153	0.000	0.000	0.000	0.000	0	1	0	6	2	0	0.000	8.366	2	4	0	0	0	0	0	0	0	0	6	0	0.003
46	COS(=O)(=O)OC	126.150	9.704	4	2	2	0	0.0	30.8	0.000	0.000	0.000	2.924	2.225	4.096	2.046	2.770	na	7.785	8.693	1.232	0.000	21.766	0.000	9.454	0.000	17.091	0.000	9.454	31.220	0.000	9.454	0.000	0.000	0.000	7.188	1.901	-3.000	-3.936	-4.828	0.000	0.000	0.000	0.000	0.000	0.000	0	0	0	6	0	0	0.000	7.674	6	0	0	0	0	0	0	0	0	0	6	0	0.263
47	CSC	62.150	6.906	2	0	0	0	0.0	0.0	0.000	0.000	0.000	0.042	1.225	0.000	0.872	0.000	na	7.798	1.252	1.243	0.000	14.381	0.000	0.000	0.000	0.000	0.000	0.000	46.600	0.000	0.000	32.220	0.000	0.000	5.900	0.339	0.000	0.000	0.000	0.000	0.000	0.000	0.000	0.000	0.000	0	0	0	6	0	0	0.000	0.000	0	0	0	0	0	0	0	0	0	0	0	0	0.713
48	CS(=O)C	78.150	7.815	3	1	0	0	0.0	10.0	0.000	0.000	0.000	2.556	2.225	0.000	1.239	0.000	na	9.390	3.504	1.474	0.000	14.381	0.000	19.133	0.000	0.000	0.000	0.000	33.513	0.000	0.000	0.000	0.000	0.000	5.900	0.818	0.000	0.000	0.000	0.000	0.000	0.000	0.000	0.000	0.000	0	0	0	6	0	0	0.000	0.000	0	0	0	0	0	0	0	0	0	0	0	0	0.101
49	CC(=O)N(C)C	87.140	5.809	4	1	0	0	6.7	6.7	0.000	0.000	0.000	3.069	1.413	3.971	2.423	2.914	na	5.863	5.721	1.038	0.000	25.618	3.124	0.000	0.000	0.000	11.950	0.000	30.323	0.000	0.000	4.705	0.000	0.000	3.348	3.752	-2.000	-4.745	0.000	0.000	0.000	0.000	0.000	0.000	0.000	1	0	0	6	3	0	0.000	0.000	1	2	0	0	0	0	0	0	0	3	2	0	0.032
50	CNC	45.100	4.510	2	0	0	0	10.0	0.0	0.000	0.000	0.000	0.250	0.500	0.000	1.239	0.000	na	2.647	1.601	0.524	0.000	16.793	0.000	18.011	0.000	0.000	18.011	0.000	16.793	0.000	0.000	0.000	18.011	18.011	0.800	2.500	0.000	0.000	0.000	0.000	0.000	0.000	0.000	0.000	0.000	0	0	0	6	0	0	0.000	0.000	0	0	0	0	0	0	0	0	0	2	0	0	0.030
51	C1COCCO1	88.120	6.294	0	0	0	0	0.0	14.3	0.000	0.000	0.000	1.444	1.225	2.056	1.379	2.429	na	7.285	7.174	1.217	0.000	0.000	18.370	0.000	0.000	22.000	18.370	0.000	18.370	0.000	0.000	18.370	0.000	0.000	1.720	5.614	-2.000	-2.000	-4.000	0.000	0.000	0.000	0.000	0.000	0.000	0	0	0	8	0	0	0.000	9.889	0	0	0	0	0	0	0	0	0	0	0	0	0.224
52	CCCNCCC	101.220	4.601	2	0	4	0	4.5	0.0	0.000	0.000	0.000	0.785	1.750	1.730	2.754	1.908	na	7.628	7.761	1.947	0.247	17.650	9.280	18.011	0.000	0.000	44.942	0.000	26.931	0.000	0.000	9.280	18.011	18.011	0.800	7.500	-0.586	-2.000	-3.414	0.000	0.000	0.000	0.000	0.000	0.000	2	2	6	4	0	4	0.000	0.000	0	0	0	0	1	0	0	0	0	2	0	0	2.519
53	CC(CO)OCC(C)OC	148.230	5.701	4	0	5	0	0.0	11.5	0.000	0.000	0.000	2.555	2.373	1.932	3.613	0.702	na	11.577	13.295	2.199	0.974	28.533	4.592	42.683	0.000	64.683	22.243	0.000	33.126	0.000	0.000	4.592	0.000	42.683	1.720	8.762	0.396	0.000	-2.373	-2.878	-3.498	-4.798	0.000	0.000	0.000	3	2	0	9	0	6	0.000	10.107	0	2	2	1	0	0	0	0	0	0	2	0	0.050
54	C(CN(CC(=O)O)CC(=O)O)N(CCN(CC(=O)O)CC(=O)O)CC(=O)O	393.400	7.868	10	5	16	0	6.0	20.0	0.000	0.000	0.000	3.965	5.666	1.823	3.291	1.832	na	20.005	28.811	3.558	0.714	0.000	18.951	0.000	0.000	0.000	28.324	0.000	23.501	0.000	0.000	23.501	0.000	213.417	4.004	21.155	5.051	5.051	4.631	4.162	3.989	1.711	0.848	-0.661	-2.000	0	0	0	18	0	0	0.000	0.000	5	0	0	0	0	0	0	0	0	9	0	0	2.809
55	C(CN(CC(=O)O)CC(=O)O)N(CC(=O)O)CC(=O)O	292.280	8.119	8	4	11	0	5.6	22.2	0.000	0.000	0.000	3.555	3.996	1.931	3.059	2.111	na	13.661	19.776	2.520	0.690	0.000	12.634	0.000	0.000	0.000	18.883	0.000	16.274	0.000	0.000	16.274	0.000	170.733	4.004	13.959	5.051	4.316	3.899	1.279	-0.661	-0.661	-1.704	-2.000	-2.895	0	0	0	12	0	0	0.000	0.000	4	0	0	0	0	0	0	0	0	6	0	0	1.845
56	CCOC(=O)C	88.120	6.294	3	1	2	0	0.0	14.3	0.000	0.000	0.000	2.822	0.925	2.636	2.985	1.638	na	5.775	5.618	1.168	0.000	17.650	4.592	0.000	0.000	0.000	22.243	0.000	29.434	0.000	0.000	11.784	0.000	0.000	4.174	2.837	-2.000	-3.851	0.000	0.000	0.000	0.000	0.000	0.000	0.000	2	0	0	2	3	3	0.000	4.403	1	3	0	0	1	0	0	0	0	0	1	0	0.344
57	CCc1ccccc1	106.180	5.899	1	6	1	0	0.0	0.0	0.000	0.000	0.000	0.162	1.839	1.782	3.197	0.820	7.596	6.514	7.405	1.894	0.638	8.825	2.535	47.381	0.000	0.000	11.360	0.000	61.927	0.000	0.000	5.720	0.000	0.000	0.000	1.471	0.604	-1.393	-2.347	-4.096	-4.789	0.000	0.000	0.000	0.000	1	1	5	5	0	0	0.000	0.000	0	0	0	0	3	0	0	0	0	0	0	0	8.653
58	CCN	45.100	4.510	2	0	0	0	10.0	0.0	0.000	0.000	0.000	0.847	0.408	0.000	2.114	0.000	na	2.653	1.905	0.645	0.000	8.825	35.003	0.000	0.000	0.000	43.828	0.000	10.931	0.000	0.000	2.106	0.000	32.897	0.000	0.000	0.000	0.000	0.000	0.000	0.000	0.000	0.000	0.000	0.000	2	0	0	2	0	3	0.000	0.000	0	0	0	0	0	0	0	0	0	1	0	0	0.030
59	C(CBr)Br	187.860	23.482	2	0	0	0	0.0	0.0	0.000	0.000	0.000	0.451	1.964	3.132	1.000	0.000	na	58.286	71.231	0.482	0.000	0.000	4.808	0.000	91.908	0.000	4.808	0.000	96.716	0.000	0.000	4.808	91.908	0.000	0.000	0.000	0.000	0.000	0.000	0.000	0.000	0.000	0.000	0.000	0.000	2	0	0	4	0	0	0.000	0.000	0	0	0	0	0	0	0	0	0	0	0	0	4.957
60	C1COC(=O)O1	88.070	8.807	1	1	0	0	0.0	30.0	12.467	0.000	0.000	2.799	0.947	2.803	2.122	1.532	5.810	4.628	4.253	0.787	0.000	0.000	9.185	0.000	0.000	0.000	9.185	0.000	18.434	0.000	0.000	18.434	0.000	0.000	4.496	3.701	-1.747	-3.780	-4.372	0.000	0.000	0.000	0.000	0.000	0.000	0	0	0	4	0	0	0.000	8.583	3	0	0	0	0	0	0	0	0	0	2	0	0.474
61	C(CCl)Cl	98.960	12.370	2	0	0	0	0.0	0.0	0.000	0.000	0.000	0.943	1.134	3.132	1.000	0.000	na	9.289	14.543	0.676	0.000	0.000	5.699	0.000	0.000	0.000	5.699	78.297	83.996	0.000	0.000	5.699	0.000	0.000	0.000	0.000	0.000	0.000	0.000	0.000	0.000	0.000	0.000	0.000	0.000	2	0	0	4	0	0	0.000	0.000	0	0	0	0	0	0	0	0	0	0	0	0	3.301
62	CCOCCOCC	118.200	5.373	2	0	5	0	0.0	9.1	0.000	0.000	0.000	1.511	1.394	1.574	2.664	1.796	na	9.268	8.936	1.862	1.520	17.650	18.370	0.000	0.000	22.000	36.020	0.000	36.020	0.000	0.000	18.370	0.000	0.000	1.720	6.296	0.000	-1.120	-2.449	-3.570	0.000	0.000	0.000	0.000	0.000	2	0	0	8	0	6	0.000	10.021	0	2	0	2	0	0	0	0	0	0	0	0	0.499
63	COCCOC	90.140	5.634	2	0	3	0	0.0	12.5	0.000	0.000	0.000	1.157	0.986	1.958	2.156	2.219	na	6.806	5.275	1.118	0.103	21.766	9.185	0.000	0.000	22.000	9.185	0.000	30.951	0.000	0.000	9.185	0.000	0.000	1.720	3.970	-1.414	-3.162	0.000	0.000	0.000	0.000	0.000	0.000	0.000	0	0	0	10	0	0	0.000	9.314	0	0	0	0	0	0	0	0	0	0	0	0	0.007
64	CCOCCO	90.140	5.634	2	0	3	0	0.0	12.5	0.000	0.000	0.000	2.072	0.921	1.958	3.328	1.172	na	6.584	6.435	1.225	1.133	8.825	9.185	42.683	0.000	53.683	18.010	0.000	18.010	0.000	0.000	9.185	0.000	42.683	1.720	3.148	-1.414	-3.162	0.000	0.000	0.000	0.000	0.000	0.000	0.000	2	0	0	6	0	3	0.000	4.733	0	1	0	1	0	0	0	0	0	0	0	0	0.007
65	C1CO1	44.060	6.294	0	0	0	0	0.0	14.3	0.000	0.000	0.000	1.000	0.612	0.000	1.379	0.000	na	2.647	0.774	0.608	0.000	0.000	9.185	0.000	0.000	11.000	9.185	0.000	9.185	0.000	0.000	9.185	0.000	0.000	1.720	2.807	0.000	0.000	0.000	0.000	0.000	0.000	0.000	0.000	0.000	0	0	0	4	0	0	0.000	4.500	0	0	0	0	0	0	0	0	0	0	0	0	0.319
66	C(CN)N	60.120	5.010	2	0	1	0	16.7	0.0	0.000	0.000	0.000	0.903	0.577	3.132	1.918	3.057	na	3.868	3.667	0.653	0.000	0.000	70.006	0.000	0.000	0.000	70.006	0.000	4.211	0.000	0.000	4.211	0.000	65.794	0.000	0.000	0.000	0.000	0.000	0.000	0.000	0.000	0.000	0.000	0.000	2	0	0	4	0	0	0.000	0.000	0	0	0	0	0	0	0	0	0	2	0	0	1.109
67	C(=O)O	46.030	9.206	2	1	0	0	0.0	40.0	0.000	0.000	0.000	1.361	0.105	0.000	1.393	0.000	na	1.251	0.852	0.158	0.000	0.000	0.000	0.000	0.000	0.000	0.000	0.000	7.201	0.000	0.000	0.000	0.000	42.683	2.873	0.696	0.000	0.000	0.000	0.000	0.000	0.000	0.000	0.000	0.000	0	0	0	0	0	0	0.000	0.000	1	0	0	0	0	0	0	0	0	0	0	0	1.056
68	C(C(=O)O)N	75.080	7.508	3	1	1	0	10.0	20.0	0.000	0.000	0.000	2.243	0.598	3.916	2.922	2.525	na	3.418	4.458	0.517	0.000	0.000	35.003	0.000	0.000	0.000	35.003	0.000	3.016	0.000	0.000	3.016	0.000	75.581	3.984	1.812	-3.226	0.000	0.000	0.000	0.000	0.000	0.000	0.000	0.000	1	0	0	2	0	0	0.000	0.000	1	0	0	0	0	0	0	0	0	1	0	0	11.813
69	C(=O)C=O	58.040	9.673	2	2	1	0	0.0	33.3	0.000	0.000	0.000	1.806	0.272	3.132	1.057	0.000	na	1.246	1.558	0.452	0.000	0.000	0.000	0.000	0.000	0.000	0.000	22.848	22.848	0.000	0.000	0.000	0.000	0.000	0.000	0.000	0.000	0.000	0.000	0.000	0.000	0.000	0.000	0.000	0.000	0	0	0	0	0	0	0.000	0.000	0	0	0	0	0	0	0	0	0	0	0	0	1.705
70	c1cc(ccc1O)O	110.120	7.866	2	6	0	0	0.0	14.3	0.000	0.000	0.000	2.646	1.516	1.848	2.236	1.571	7.540	3.619	5.854	1.337	4.238	0.000	0.000	37.905	0.000	0.000	0.000	0.000	37.905	0.000	0.000	0.000	0.000	85.367	0.000	2.326	0.000	-2.275	-3.000	-3.623	-5.275	0.000	0.000	0.000	0.000	0	0	0	4	0	0	0.000	0.000	0	4	4	0	0	0	0	0	0	0	4	0	0.798
71	c1cnc[nH]1	68.090	7.566	0	5	0	0	22.2	0.0	9.167	0.000	0.000	0.667	0.761	3.125	3.170	-0.000	na	2.938	2.782	0.437	0.000	0.000	0.000	9.047	0.000	0.000	34.452	16.786	26.713	0.000	0.000	0.000	16.786	16.786	0.000	0.000	-3.236	-3.236	0.000	0.000	0.000	0.000	0.000	0.000	0.000	0	0	0	0	0	0	3.667	0.000	0	0	0	0	0	0	0	0	0	4	0	0	0.134
72	CC(C)COC(=O)C	116.180	5.809	4	1	3	0	0.0	10.0	0.000	0.000	0.000	3.126	2.196	2.125	3.109	1.645	na	8.264	9.212	1.867	1.655	26.476	4.592	0.000	0.000	0.000	31.068	0.000	38.259	0.000	0.000	11.784	0.000	0.000	4.174	2.837	-2.000	-2.000	-2.606	-4.507	0.000	0.000	0.000	0.000	0.000	3	0	6	2	3	1	0.000	4.664	1	3	2	2	1	0	0	0	0	0	3	0	1.886
73	CCCC(C)C	86.200	4.310	3	0	2	0	0.0	0.0	0.000	0.000	0.000	0.253	2.183	2.636	3.009	2.294	na	6.409	6.820	2.067	0.000	26.476	5.069	0.000	0.000	0.000	31.545	0.000	31.545	0.000	0.000	5.069	0.000	0.000	0.000	0.000	-2.000	-3.851	0.000	0.000	0.000	0.000	0.000	0.000	0.000	3	2	14	0	0	0	0.000	0.000	0	0	0	0	2	0	0	0	0	0	0	0	12.363
74	CC(C)O	60.110	5.009	3	0	0	0	0.0	8.3	0.000	0.000	0.000	2.056	1.094	0.000	1.827	0.000	na	4.124	4.157	0.991	0.000	17.650	0.000	42.683	0.000	42.683	17.650	0.000	17.650	0.000	0.000	0.000	0.000	42.683	0.000	1.163	0.000	0.000	0.000	0.000	0.000	0.000	0.000	0.000	0.000	2	1	0	1	0	6	0.000	0.000	0	2	0	0	0	0	0	0	0	0	0	0	0.120
75	CC(C)OC(=O)C	102.150	6.009	4	1	2	0	0.0	11.8	0.000	0.000	0.000	3.032	1.658	2.672	2.778	2.031	na	7.047	7.815	1.519	0.000	26.476	0.000	0.000	0.000	0.000	26.476	0.000	33.667	0.000	0.000	7.191	0.000	0.000	4.174	5.163	-2.000	-2.000	-4.772	0.000	0.000	0.000	0.000	0.000	0.000	3	1	0	1	3	6	0.000	4.611	1	4	0	0	2	0	0	0	0	0	1	0	0.991
76	CC(C)N	59.130	4.548	3	0	0	0	7.7	0.0	0.000	0.000	0.000	1.111	1.244	0.000	1.915	0.000	na	4.035	3.917	1.001	0.000	17.650	32.897	0.000	0.000	0.000	50.548	0.000	17.650	0.000	0.000	0.000	0.000	32.897	0.000	2.500	0.000	0.000	0.000	0.000	0.000	0.000	0.000	0.000	0.000	2	1	0	1	0	6	0.000	0.000	0	0	0	0	0	0	0	0	0	1	0	0	0.120
77	CC(C(=O)O)O	90.090	7.508	4	1	1	0	0.0	25.0	0.000	0.000	0.000	2.449	1.014	3.971	3.189	2.487	na	4.381	6.213	0.875	0.000	8.825	0.000	42.683	0.000	42.683	8.825	0.000	9.735	0.000	0.000	0.910	0.000	85.367	4.062	3.109	-2.000	-4.745	0.000	0.000	0.000	0.000	0.000	0.000	0.000	1	1	0	1	0	3	0.000	0.000	1	1	2	0	0	0	0	0	0	0	2	0	0.494
78	c1(nc(nc(n1)N)N)N	126.150	8.410	3	6	0	0	40.0	0.0	0.000	0.000	0.000	1.137	1.410	1.903	1.922	1.985	na	4.473	4.705	0.112	0.000	0.000	0.000	98.692	0.000	0.000	5.697	50.357	5.697	0.000	0.000	5.697	0.000	98.692	0.000	15.000	-0.891	-0.891	-1.583	-4.072	-4.072	-6.000	0.000	0.000	0.000	0	0	0	0	0	0	10.463	0.000	3	0	0	0	0	0	0	0	0	9	0	0	0.000
79	CC(=C)C(=O)O	86.100	7.175	4	2	1	0	0.0	16.7	0.000	0.000	0.000	2.600	1.085	3.971	3.022	2.355	na	3.912	3.834	1.067	0.000	8.825	15.767	0.000	0.000	0.000	8.825	0.000	28.688	0.000	0.000	4.095	0.000	42.683	2.873	2.175	-2.000	-4.745	0.000	0.000	0.000	0.000	0.000	0.000	0.000	1	0	3	2	0	0	0.000	0.000	1	2	4	0	0	0	0	0	0	0	4	0	0.229
80	CS(=O)(=O)O	96.120	10.680	4	2	0	0	0.0	33.3	0.000	0.000	0.000	2.187	2.199	0.000	2.067	0.000	na	8.417	4.012	1.203	0.000	7.190	0.000	40.435	0.000	39.096	0.000	1.339	8.529	0.000	1.339	0.000	0.000	39.096	5.850	1.480	-3.000	0.000	0.000	0.000	0.000	0.000	0.000	0.000	0.000	0	0	0	3	0	0	0.000	0.000	3	0	0	0	0	0	0	0	0	0	0	0	2.449
81	CO	32.050	5.342	2	0	0	0	0.0	16.7	0.000	0.000	0.000	1.000	0.000	0.000	0.931	0.000	0.816	1.551	0.390	0.200	0.000	4.602	0.000	42.683	0.000	42.683	0.000	0.000	4.602	0.000	0.000	0.000	0.000	42.683	0.000	0.000	0.000	0.000	0.000	0.000	0.000	0.000	0.000	0.000	0.000	1	0	0	3	0	0	0.000	0.000	0	0	0	0	0	0	0	0	0	0	0	0	0.663
82	COC(=O)C=C	86.100	7.175	3	2	2	0	0.0	16.7	0.000	0.000	0.000	2.840	0.727	3.135	3.022	1.758	na	4.468	3.364	1.021	0.000	10.883	15.767	9.476	0.000	0.000	0.000	9.476	43.318	0.000	0.000	7.191	0.000	0.000	3.349	2.098	-2.653	-3.791	0.000	0.000	0.000	0.000	0.000	0.000	0.000	0	0	0	6	0	0	0.000	4.142	1	2	2	0	0	0	0	0	0	0	3	0	0.229
83	CCC(=O)C	72.120	5.548	3	1	1	0	0.0	7.7	0.000	0.000	0.000	2.812	1.056	3.916	2.815	2.724	na	4.548	4.885	1.253	0.000	17.650	2.535	0.000	0.000	0.000	20.185	0.000	25.318	0.000	0.000	7.668	0.000	0.000	3.677	1.993	-3.226	0.000	0.000	0.000	0.000	0.000	0.000	0.000	0.000	2	1	3	0	5	0	0.000	0.000	0	2	1	0	0	0	0	0	0	0	1	0	0.429
84	COC=O	60.060	7.507	2	1	1	0	0.0	25.0	0.000	0.000	0.000	1.951	0.332	3.132	2.031	0.000	na	3.431	1.076	0.442	0.000	10.883	0.000	0.000	0.000	0.000	0.000	0.000	24.365	0.000	0.000	0.000	0.000	0.000	3.349	1.194	0.000	0.000	0.000	0.000	0.000	0.000	0.000	0.000	0.000	0	0	0	3	0	0	0.000	3.861	1	0	0	0	0	0	0	0	0	0	1	0	0.149
85	CI	141.940	28.388	2	0	0	0	0.0	0.0	0.000	0.000	0.000	0.030	0.000	0.000	0.000	0.000	0.816	71.685	0.000	0.144	0.000	7.299	0.000	0.000	56.782	0.000	0.000	0.000	7.299	56.782	0.000	0.000	0.000	0.000	0.000	0.000	0.000	0.000	0.000	0.000	0.000	0.000	0.000	0.000	0.000	1	0	0	3	0	0	0.000	0.000	0	0	0	0	0	0	0	0	0	0	0	0	1.860
86	CC(C)(C)OC	88.170	4.898	4	0	1	0	0.0	5.6	0.000	0.000	0.000	1.437	2.316	5.184	2.057	3.239	na	6.926	7.771	1.617	0.000	37.359	0.000	0.000	0.000	11.000	26.476	0.000	37.359	0.000	0.000	0.000	0.000	0.000	1.720	8.140	-3.000	-4.381	0.000	0.000	0.000	0.000	0.000	0.000	0.000	3	0	0	3	0	9	0.000	4.937	0	3	0	0	0	0	0	0	0	0	0	0	1.463
87	COCCC(=O)OC	118.150	6.564	3	1	4	0	0.0	16.7	0.000	0.000	0.000	3.268	1.319	2.049	3.419	0.982	na	8.178	6.969	1.421	2.051	21.766	7.127	0.000	0.000	11.000	7.127	0.000	36.084	0.000	0.000	14.318	0.000	0.000	4.174	4.153	0.000	-1.800	-2.906	-4.344	0.000	0.000	0.000	0.000	0.000	0	1	0	8	2	0	0.000	8.947	1	3	0	0	0	0	0	0	0	0	4	0	0.026
88	CN	31.070	4.439	2	0	0	0	14.3	0.0	0.000	0.000	0.000	0.500	0.000	0.000	1.040	0.000	0.816	1.368	0.489	0.273	0.000	8.396	32.897	0.000	0.000	0.000	32.897	0.000	8.396	0.000	0.000	0.000	0.000	32.897	0.000	0.000	0.000	0.000	0.000	0.000	0.000	0.000	0.000	0.000	0.000	1	0	0	3	0	0	0.000	0.000	0	0	0	0	0	0	0	0	0	1	0	0	0.663
89	CC1CCCCC1	98.210	4.677	1	0	0	0	0.0	0.0	0.000	0.000	0.000	0.360	2.743	2.022	2.856	1.274	6.593	8.575	9.973	2.386	0.000	8.825	12.673	0.000	0.000	0.000	21.498	0.000	21.498	0.000	0.000	12.673	0.000	0.000	0.000	0.000	-0.838	-2.347	-3.206	-4.789	0.000	0.000	0.000	0.000	0.000	1	5	14	0	0	0	0.000	0.000	0	0	0	0	1	0	0	0	0	0	0	0	12.092
90	CN(C)C=O	73.110	6.093	3	1	0	0	8.3	8.3	0.000	0.000	0.000	2.431	1.069	3.916	1.827	0.000	na	4.648	3.732	0.686	0.000	16.793	3.124	0.000	0.000	0.000	3.124	0.000	27.788	0.000	0.000	0.000	0.000	0.000	2.293	3.384	-3.226	0.000	0.000	0.000	0.000	0.000	0.000	0.000	0.000	0	0	0	6	0	0	0.000	0.000	1	0	0	0	0	0	0	0	0	3	2	0	0.074
91	c1ccc2c(c1)cccc2S(=O)(=O)O	208.250	9.466	3	13	1	0	0.0	13.6	0.000	0.000	49.202	4.002	4.342	1.343	3.754	0.091	14.661	6.072	9.680	2.565	1.955	0.000	0.000	106.769	0.000	39.096	0.000	1.339	74.369	0.000	1.339	6.697	0.000	39.096	5.850	2.503	3.656	2.796	1.775	-1.097	-1.478	-2.445	-3.000	-3.000	-7.720	0	0	0	7	0	0	0.000	0.000	3	0	6	9	5	0	0	0	0	0	6	0	3.905
92	c1ccc(cc1)[N](=O)[O]	123.120	8.794	2	7	1	0	7.1	14.3	0.000	0.000	0.000	3.006	1.593	1.764	3.039	0.571	8.605	3.079	5.069	1.153	4.072	6.545	0.000	47.381	0.000	0.000	0.000	6.545	50.138	0.000	0.000	2.757	0.000	0.000	2.393	6.570	2.136	-1.582	-2.000	-2.347	-4.789	-5.459	0.000	0.000	0.000	0	0	0	5	0	0	0.000	0.000	1	2	6	2	0	0	0	0	0	1	4	0	1.750
93	CN1CCCC1=O	99.150	6.197	2	1	0	0	6.3	6.3	15.767	0.000	0.000	3.500	1.919	2.704	3.328	0.672	6.678	7.341	8.319	1.368	0.000	8.396	10.299	0.000	0.000	0.000	10.299	0.000	20.276	0.000	0.000	11.879	0.000	0.000	3.348	8.162	-0.923	-2.780	-4.183	-5.553	0.000	0.000	0.000	0.000	0.000	0	2	0	5	2	2	0.000	0.000	1	3	1	0	0	0	0	0	0	3	3	0	0.039
94	c1ccc(c(c1)N)O	109.140	7.276	2	6	0	0	6.7	6.7	0.000	0.000	0.000	2.794	1.559	2.091	3.640	0.133	7.711	4.481	6.255	1.256	0.000	0.000	0.000	70.802	0.000	0.000	0.000	0.000	40.662	0.000	0.000	2.757	0.000	75.581	0.000	2.369	0.000	-1.645	-3.451	-3.464	-5.792	0.000	0.000	0.000	0.000	0	0	0	4	0	0	0.000	0.000	0	1	2	0	0	0	0	0	0	1	2	0	1.972
95	c1ccc(c(c1)C=O)Cl	140.570	10.041	2	7	1	0	0.0	7.1	0.000	0.000	0.000	3.143	2.047	1.894	3.664	0.000	8.679	2.473	5.981	1.062	2.568	0.000	0.000	37.905	39.149	0.000	0.000	50.573	95.164	0.000	0.000	6.686	0.000	0.000	0.000	1.158	0.817	-0.549	-1.880	-3.459	-4.256	-5.882	0.000	0.000	0.000	0	0	0	4	0	0	0.000	0.000	0	1	1	1	1	0	0	4	0	0	2	3	5.618
96	Cc1ccccc1Cl	126.590	8.439	2	6	0	0	0.0	0.0	0.000	0.000	0.000	1.598	2.156	2.091	3.457	0.317	7.711	5.215	7.746	1.324	0.000	8.825	0.000	37.905	39.149	0.000	8.825	39.149	92.565	0.000	0.000	6.686	0.000	0.000	0.000	1.345	0.000	-1.645	-3.451	-3.464	-5.792	0.000	0.000	0.000	0.000	1	0	3	4	0	0	0.000	0.000	0	0	0	0	2	0	0	0	0	0	0	3	10.302
97	Cc1ccccc1O	108.150	6.759	2	6	0	0	0.0	6.3	0.000	0.000	0.000	2.919	1.786	2.091	3.578	0.297	7.711	5.401	6.578	1.615	0.000	8.825	0.000	37.905	0.000	0.000	8.825	0.000	49.916	0.000	0.000	3.186	0.000	42.683	0.000	1.846	0.000	-1.645	-3.451	-3.464	-5.792	0.000	0.000	0.000	0.000	1	0	3	4	0	0	0.000	0.000	0	2	3	0	1	0	0	0	0	0	3	0	3.456
98	c1ccc(c(c1)[N](=O)[O])O	139.120	9.275	3	7	1	0	6.7	20.0	0.000	0.000	0.000	3.067	1.746	1.869	3.774	0.000	9.663	2.725	4.966	1.228	2.197	6.545	0.000	37.905	0.000	0.000	0.000	6.545	40.662	0.000	0.000	2.757	0.000	42.683	2.393	5.984	2.304	-0.520	-2.000	-2.016	-3.459	-5.184	-6.295	0.000	0.000	0	0	0	4	0	0	0.000	0.000	1	2	6	2	0	0	0	0	0	1	6	0	0.613
99	c1cc(ccc1O)Cl	128.560	9.889	2	6	0	0	0.0	7.7	0.000	0.000	0.000	2.698	1.913	1.848	3.085	0.615	7.540	2.293	7.323	1.092	3.352	0.000	0.000	37.905	39.149	0.000	0.000	39.149	80.554	0.000	0.000	3.501	0.000	42.683	0.000	1.804	0.000	-2.275	-3.000	-3.623	-5.275	0.000	0.000	0.000	0.000	0	0	0	4	0	0	0.000	0.000	0	2	2	1	0	0	0	5	0	0	2	2	4.525
100	C(C(C(F)(F)F)(F)F)(C(C(F)(F)F)(F)F)(F)F	288.050	16.944	12	0	2	12	0.0	0.0	0.000	0.000	0.000	4.031	2.719	3.667	2.352	2.703	na	2.036	1.908	2.085	0.000	0.000	0.000	0.000	15.519	0.000	15.519	0.000	20.991	0.000	0.000	0.000	0.000	0.000	4.530	9.525	6.000	3.756	-3.000	-3.000	-3.000	-3.000	-3.000	-3.000	-8.481	2	3	0	0	0	0	0.000	0.000	0	0	0	0	0	0	0	0	0	0	0	0	17.665
101	c1ccc(cc1)O	94.120	7.240	1	6	0	0	0.0	7.7	0.000	0.000	0.000	2.632	1.336	2.022	2.873	0.615	6.593	3.792	5.358	1.257	0.000	0.000	0.000	47.381	0.000	0.000	0.000	0.000	47.381	0.000	0.000	0.000	0.000	42.683	0.000	1.163	-0.838	-2.347	-3.206	-4.789	0.000	0.000	0.000	0.000	0.000	0	0	0	5	0	0	0.000	0.000	0	2	2	0	0	0	0	0	0	0	2	0	2.268
102	c1ccc(cc1)CC(=O)O	136.160	7.564	2	7	2	0	0.0	11.1	0.000	0.000	0.000	3.169	2.056	1.435	3.461	0.556	9.618	5.574	8.021	1.769	2.237	0.000	2.535	47.381	0.000	0.000	2.535	0.000	54.011	0.000	0.000	6.630	0.000	42.683	4.030	6.175	2.136	-0.366	-2.000	-2.294	-2.347	-4.789	-5.180	0.000	0.000	0	1	0	5	2	0	0.000	0.000	1	2	2	4	1	0	0	0	0	0	2	0	3.117
103	c1ccc(cc1)N=C=O	119.130	8.509	1	8	1	0	7.1	7.1	0.000	0.000	0.000	2.683	1.539	1.506	3.039	0.571	8.606	2.967	4.825	1.096	4.510	0.000	0.000	47.381	0.000	0.000	16.786	0.000	68.075	0.000	0.000	2.757	17.937	0.000	3.175	7.093	1.684	-0.472	-1.828	-2.347	-4.501	-4.789	0.000	0.000	0.000	0	0	0	5	0	0	0.000	0.000	1	2	2	2	0	0	0	0	0	2	1	0	2.605
104	C(=O)(Cl)Cl	98.910	24.727	3	1	0	0	0.0	25.0	0.000	0.000	0.000	1.975	1.106	0.000	0.000	0.000	na	2.095	0.000	0.018	0.000	0.000	0.000	0.000	0.000	0.000	0.000	0.000	84.061	0.000	0.000	5.764	0.000	0.000	4.948	0.958	0.000	0.000	0.000	0.000	0.000	0.000	0.000	0.000	0.000	0	0	0	0	0	0	0.000	0.000	0	2	0	0	0	0	0	4	0	0	0	0	0.041
105	P(Cl)(Cl)Cl	137.320	34.330	3	0	0	0	0.0	0.0	0.000	0.000	0.000	0.759	5.175	0.000	0.000	0.000	na	0.026	0.000	0.382	0.000	0.000	21.747	0.000	0.000	0.000	0.000	0.000	129.134	21.747	0.000	0.000	0.000	0.000	0.000	0.000	0.000	0.000	0.000	0.000	0.000	0.000	0.000	0.000	0.000	0	0	0	0	0	0	0.000	0.000	0	0	0	0	0	0	0	0	0	0	0	0	1.860
106	P(Cl)(Cl)(Cl)(Cl)Cl	208.220	34.703	5	0	0	0	0.0	0.0	0.000	0.000	0.000	0.867	17.250	0.000	0.000	0.000	na	0.039	0.000	0.471	0.000	0.000	0.000	0.000	0.000	0.000	0.000	0.000	178.978	0.000	0.000	0.000	0.000	0.000	0.000	0.000	-4.000	-4.000	0.000	0.000	0.000	0.000	0.000	0.000	0.000	0	0	0	0	0	0	0.000	0.000	0	0	0	0	0	0	0	0	0	0	0	0	4.957
107	O=P(Cl)(Cl)Cl	153.320	30.664	4	1	0	0	0.0	20.0	0.000	0.000	0.000	2.512	7.038	0.000	0.000	0.000	na	1.936	0.000	0.666	0.000	0.000	0.000	0.000	0.000	0.000	0.000	8.976	116.362	8.976	8.976	0.000	0.000	0.000	0.000	0.000	-3.000	0.000	0.000	0.000	0.000	0.000	0.000	0.000	0.000	0	0	0	0	0	0	0.000	0.000	0	3	0	0	0	0	0	6	0	0	0	0	0.041
108	c1ccc2c(c1)C(=O)OC2=O	148.120	9.875	2	8	0	0	0.0	20.0	17.220	32.421	0.000	3.833	2.223	1.606	2.974	0.933	11.638	2.281	3.893	1.278	3.497	0.000	0.000	37.905	0.000	0.000	0.000	0.000	58.659	0.000	0.000	20.754	0.000	0.000	3.859	3.309	2.779	2.168	-1.284	-1.377	-2.128	-3.819	-5.174	-6.144	0.000	0	0	0	4	0	0	0.000	4.354	2	4	6	2	0	0	0	0	0	0	8	0	4.804
109	c1ccc2c(c1)C(=NC2=O)O	147.140	9.196	2	8	0	0	6.3	12.5	17.220	32.421	0.000	3.928	2.286	1.606	3.625	0.000	11.638	2.948	4.792	1.318	1.882	0.000	0.000	37.905	0.000	0.000	16.786	0.000	48.981	0.000	0.000	11.076	0.000	42.683	2.562	5.040	2.779	2.168	-1.284	-1.377	-2.128	-3.819	-5.174	-6.144	0.000	0	0	0	4	0	0	0.000	0.000	2	4	6	2	0	0	0	0	0	2	6	0	4.804
110	C1CCNCC1	85.170	5.010	0	0	0	0	5.9	0.0	0.000	0.000	0.000	0.785	1.811	2.056	2.793	1.294	na	7.279	7.827	1.596	0.000	0.000	11.815	18.011	0.000	0.000	29.826	0.000	11.815	0.000	0.000	11.815	18.011	18.011	0.800	7.500	-2.000	-2.000	-4.000	0.000	0.000	0.000	0.000	0.000	0.000	0	3	2	4	0	4	0.000	0.000	0	0	0	0	0	0	0	0	0	2	0	0	0.668
111	c1cc(ccc1[N](=O)[O])O	139.120	9.275	3	7	1	0	6.7	20.0	0.000	0.000	0.000	3.036	1.774	1.597	3.374	0.533	9.534	2.725	4.928	1.228	0.352	6.545	0.000	37.905	0.000	0.000	0.000	6.545	40.662	0.000	0.000	2.757	0.000	42.683	2.393	7.733	2.275	-0.500	-2.000	-3.000	-3.010	-5.275	-5.487	0.000	0.000	0	0	0	4	0	0	0.000	0.000	1	4	8	0	0	0	0	0	0	1	6	0	0.613
112	Cc1ccc(cc1)[N](=O)[O]	137.150	8.068	3	7	1	0	5.9	11.8	0.000	0.000	0.000	3.118	2.093	1.597	3.337	0.750	9.534	5.215	6.089	1.505	2.251	15.370	0.000	37.905	0.000	0.000	8.825	6.545	52.673	0.000	0.000	5.942	0.000	0.000	2.393	8.041	2.275	-0.500	-2.000	-3.000	-3.010	-5.275	-5.487	0.000	0.000	1	0	3	4	0	0	0.000	0.000	1	2	6	3	0	0	0	0	0	1	4	0	2.810
113	c1ccc(cc1)/C=C(/C(=O)N)\N	162.210	7.373	3	8	2	0	9.1	4.5	0.000	0.000	0.000	3.533	2.375	1.293	3.789	0.545	11.644	6.639	9.071	1.744	1.594	0.000	65.794	56.857	0.000	0.000	65.794	12.233	67.504	0.000	0.000	10.647	0.000	65.794	1.960	3.149	2.235	2.136	-0.531	-2.000	-2.254	-2.347	-4.144	-4.789	0.000	0	0	0	6	0	0	0.000	0.000	0	0	1	2	1	0	0	0	0	2	1	0	0.570
114	CCC=O	58.090	5.809	2	1	1	0	0.0	10.0	0.000	0.000	0.000	2.174	0.575	3.132	2.314	0.000	na	3.333	3.219	0.908	0.000	8.825	2.535	0.000	0.000	0.000	11.360	11.424	22.784	0.000	0.000	2.535	0.000	0.000	2.555	1.566	0.000	0.000	0.000	0.000	0.000	0.000	0.000	0.000	0.000	1	1	3	0	2	0	0.000	0.000	0	1	1	0	0	0	0	0	0	0	1	0	0.041
115	CCC(=O)O	74.090	6.735	3	1	1	0	0.0	18.2	0.000	0.000	0.000	2.368	0.747	3.916	2.845	2.634	na	4.049	4.717	0.895	0.000	8.825	2.535	0.000	0.000	0.000	11.360	0.000	12.270	0.000	0.000	3.444	0.000	42.683	3.925	1.893	-3.226	0.000	0.000	0.000	0.000	0.000	0.000	0.000	0.000	1	1	3	0	2	0	0.000	0.000	1	2	2	0	0	0	0	0	0	0	2	0	0.018
116	CCCN	59.130	4.548	2	0	1	0	7.7	0.0	0.000	0.000	0.000	1.028	0.789	3.132	2.873	2.797	na	3.874	3.450	1.001	0.000	8.825	37.537	0.000	0.000	0.000	46.363	0.000	13.465	0.000	0.000	4.640	0.000	32.897	0.000	0.000	0.000	0.000	0.000	0.000	0.000	0.000	0.000	0.000	0.000	2	1	3	2	0	2	0.000	0.000	0	0	0	0	0	0	0	0	0	1	0	0	0.120
117	C[C@H](CO)O	76.110	5.855	3	0	1	0	0.0	15.4	0.000	0.000	0.000	2.111	1.032	3.916	3.181	2.643	na	5.095	6.147	0.963	0.000	8.825	0.000	85.367	0.000	85.367	8.825	0.000	8.825	0.000	0.000	0.000	0.000	85.367	0.000	0.822	-3.226	0.000	0.000	0.000	0.000	0.000	0.000	0.000	0.000	2	1	0	3	0	3	0.000	0.000	0	1	1	0	0	0	0	0	0	0	1	0	0.285
118	CC1CO1	58.090	5.809	1	0	0	0	0.0	10.0	0.000	0.000	0.000	1.208	1.144	0.000	2.646	2.336	3.739	3.805	2.847	0.959	0.000	8.825	4.592	0.000	0.000	11.000	13.418	0.000	13.418	0.000	0.000	4.592	0.000	0.000	1.720	4.792	-3.623	0.000	0.000	0.000	0.000	0.000	0.000	0.000	0.000	1	1	0	3	0	3	0.000	4.708	0	1	0	0	0	0	0	0	0	0	0	0	0.002
119	c1c[nH]nc1	68.090	7.566	0	5	0	0	22.2	0.0	9.167	0.000	0.000	0.597	0.766	3.125	3.170	-0.000	na	2.820	2.873	0.554	0.000	0.000	0.000	18.524	0.000	0.000	25.710	16.663	27.571	0.000	0.000	0.000	16.663	16.663	0.000	0.000	-3.236	-3.236	0.000	0.000	0.000	0.000	0.000	0.000	0.000	0	0	0	1	0	0	3.597	0.000	0	1	0	0	0	0	0	0	0	2	0	0	0.134
120	C[O][Na]	54.031	9.005	2	0	0	0	0.0	16.7	0.000	0.000	0.000	0.889	1.225	0.000	0.931	0.000	na	2.784	2.326	38.904	0.000	10.883	0.000	0.000	0.000	0.000	0.000	0.000	10.883	0.000	0.000	0.000	0.000	0.000	0.000	0.000	0.000	0.000	0.000	0.000	0.000	0.000	0.000	0.000	0.000	1	0	0	3	0	0	0.000	4.389	0	0	0	0	0	0	0	0	0	0	0	0	0.663
121	CC(C)(C)N	73.160	4.573	4	0	0	0	6.3	0.0	0.000	0.000	0.000	1.354	2.366	0.000	1.545	0.000	na	5.511	6.506	1.352	0.000	26.476	32.897	0.000	0.000	0.000	59.373	0.000	26.476	0.000	0.000	0.000	0.000	32.897	0.000	7.500	-3.000	0.000	0.000	0.000	0.000	0.000	0.000	0.000	0.000	3	0	0	0	0	9	0.000	0.000	0	0	0	0	0	0	0	0	0	1	0	0	0.640
122	CCO[Si](OCC)(OCC)OCC	208.370	6.314	4	0	8	0	0.0	12.1	0.000	0.000	0.000	1.923	4.387	2.695	2.286	2.911	na	19.031	23.391	4.269	0.066	35.301	18.370	0.000	0.000	0.000	53.670	0.000	53.670	0.000	0.000	18.370	0.000	0.000	0.000	6.977	2.200	1.094	-0.656	-0.656	-0.656	-1.735	-5.544	-5.544	0.000	4	0	0	8	0	12	0.000	21.692	6	4	0	0	0	0	0	0	0	0	12	0	0.063
123	C1CCOC1	72.120	5.548	0	0	0	0	0.0	7.7	9.167	0.000	0.000	1.444	1.319	3.125	2.162	1.538	na	6.131	5.468	1.305	0.000	0.000	14.254	0.000	0.000	11.000	14.254	0.000	14.254	0.000	0.000	14.254	0.000	0.000	1.720	3.488	-3.236	-3.236	0.000	0.000	0.000	0.000	0.000	0.000	0.000	0	2	0	4	0	4	0.000	4.944	0	2	0	0	0	0	0	0	0	0	0	0	0.166
124	C(=O)(C(Cl)(Cl)Cl)O	163.380	20.422	5	1	0	0	0.0	25.0	0.000	0.000	0.000	2.625	3.084	4.656	2.031	0.000	na	9.110	4.492	0.464	0.000	0.000	0.000	0.000	0.000	0.000	0.000	117.446	118.356	0.000	0.000	0.910	0.000	42.683	4.565	3.133	-3.000	-3.000	-6.155	0.000	0.000	0.000	0.000	0.000	0.000	1	0	0	0	0	0	0.000	0.000	1	0	6	0	0	0	0	18	0	0	0	0	0.991
125	B(Cl)(Cl)Cl	117.160	29.290	3	0	0	0	0.0	0.0	0.000	0.000	0.000	0.694	2.227	0.000	0.000	0.000	na	0.789	0.000	0.131	0.000	0.000	0.000	0.000	0.000	0.000	0.000	0.000	0.000	0.000	0.000	0.000	0.000	0.000	0.000	0.000	0.000	0.000	0.000	0.000	0.000	0.000	0.000	0.000	0.000	0	0	0	0	0	0	0.000	0.000	0	0	0	0	0	0	0	0	0	0	0	0	1.860
126	C(Cl)(Cl)Cl	119.370	23.874	3	0	0	0	0.0	0.0	0.000	0.000	0.000	0.694	2.227	0.000	0.000	0.000	na	8.292	0.000	0.025	0.000	0.000	0.000	0.000	0.000	0.000	0.000	117.446	117.446	0.000	0.000	0.000	0.000	0.000	2.490	1.807	0.000	0.000	0.000	0.000	0.000	0.000	0.000	0.000	0.000	1	0	0	0	0	0	0.000	0.000	0	0	0	0	0	0	0	0	0	0	0	0	3.301
127	CCN(CC)CC	101.220	4.601	3	0	3	0	4.5	0.0	0.000	0.000	0.000	0.375	1.620	2.933	2.025	3.029	na	7.837	8.214	1.850	0.000	26.476	6.317	0.000	0.000	0.000	35.917	0.000	32.793	0.000	0.000	6.317	0.000	0.000	1.200	9.053	-0.464	-3.791	-3.791	0.000	0.000	0.000	0.000	0.000	0.000	3	0	0	6	0	9	0.000	0.000	0	3	0	0	3	0	0	0	0	3	0	0	2.519
128	C(=O)(C(F)(F)F)O	114.030	14.254	5	1	0	3	0.0	25.0	0.000	0.000	0.000	2.579	0.803	4.656	2.031	0.000	na	0.971	0.711	0.602	0.000	0.000	0.000	0.000	7.760	0.000	7.760	0.000	8.669	0.000	0.000	0.910	0.000	42.683	5.735	2.322	-3.000	-3.000	-6.155	0.000	0.000	0.000	0.000	0.000	0.000	1	0	0	0	0	0	0.000	0.000	1	0	0	0	0	0	18	0	0	0	0	0	0.134
129	C(F)(F)F	70.020	14.004	3	0	0	3	0.0	0.0	0.000	0.000	0.000	1.667	0.247	0.000	0.000	0.000	na	1.869	0.000	0.284	0.000	0.000	0.000	0.000	14.050	0.000	14.050	0.000	14.050	0.000	0.000	0.000	0.000	0.000	4.530	0.993	0.000	0.000	0.000	0.000	0.000	0.000	0.000	0.000	0.000	1	0	0	0	0	0	0.000	0.000	0	0	0	0	0	0	0	0	0	0	0	0	1.243
130	B(OC)(OC)OC	103.930	6.496	3	0	3	0	0.0	18.8	0.000	0.000	0.000	1.104	0.996	2.933	1.623	3.080	na	7.504	3.657	1.424	0.000	32.649	0.000	0.000	0.000	0.000	0.000	0.000	32.649	0.000	0.000	0.000	0.000	0.000	0.000	3.488	-0.464	-3.791	-3.791	0.000	0.000	0.000	0.000	0.000	0.000	0	0	0	9	0	0	0.000	13.812	3	0	0	0	0	0	0	0	0	0	6	0	1.876
131	CN(C)C	59.130	4.548	3	0	0	0	7.7	0.0	0.000	0.000	0.000	0.000	1.342	0.000	0.855	0.000	na	4.028	3.295	0.779	0.000	25.189	0.000	0.000	0.000	0.000	3.124	0.000	25.189	0.000	0.000	0.000	0.000	0.000	1.200	3.750	0.000	0.000	0.000	0.000	0.000	0.000	0.000	0.000	0.000	0	0	0	9	0	0	0.000	0.000	0	0	0	0	0	0	0	0	0	3	0	0	0.120
132	CC(=O)OC=C	86.100	7.175	3	2	2	0	0.0	16.7	0.000	0.000	0.000	2.750	0.776	2.636	3.022	1.459	na	4.260	4.371	1.021	0.000	8.825	27.301	0.000	0.000	0.000	8.825	0.000	43.318	0.000	0.000	7.191	0.000	0.000	4.174	2.837	-2.000	-3.851	0.000	0.000	0.000	0.000	0.000	0.000	0.000	1	0	0	2	3	0	0.000	4.167	1	3	0	0	1	0	0	0	0	0	1	0	0.229
133	C(CO)NCCO	105.160	5.842	2	0	4	0	5.6	11.1	0.000	0.000	0.000	2.149	1.197	1.730	2.837	1.565	na	7.414	8.377	1.207	1.237	0.000	4.211	103.377	0.000	85.367	22.222	0.000	4.211	0.000	0.000	4.211	18.011	103.377	0.800	5.317	-0.586	-2.000	-3.414	0.000	0.000	0.000	0.000	0.000	0.000	2	0	0	8	0	0	0.000	0.000	0	0	0	0	0	0	0	0	0	2	0	0	0.840
134	C(COCCO)O	106.140	6.244	2	0	4	0	0.0	17.6	0.000	0.000	0.000	2.086	1.060	1.730	2.676	1.652	na	7.474	8.147	1.193	0.927	0.000	9.185	85.367	0.000	96.367	9.185	0.000	9.185	0.000	0.000	9.185	0.000	85.367	1.720	2.807	-0.586	-2.000	-3.414	0.000	0.000	0.000	0.000	0.000	0.000	2	0	0	8	0	0	0.000	4.632	0	0	0	0	0	0	0	0	0	0	0	0	0.840
135	CCC(C)O	74.140	4.943	3	0	1	0	0.0	6.7	0.000	0.000	0.000	2.361	1.257	3.916	3.140	2.718	na	5.333	5.802	1.353	0.000	17.650	2.535	42.683	0.000	42.683	20.185	0.000	20.185	0.000	0.000	2.535	0.000	42.683	0.000	1.163	-3.226	0.000	0.000	0.000	0.000	0.000	0.000	0.000	0.000	2	2	3	1	0	5	0.000	0.000	0	2	1	0	0	0	0	0	0	0	1	0	0.640
136	CC=O	44.060	6.294	2	1	0	0	0.0	14.3	0.000	0.000	0.000	1.806	0.236	0.000	1.326	0.000	na	2.158	1.647	0.559	0.000	8.825	0.000	0.000	0.000	0.000	8.825	11.424	20.249	0.000	0.000	0.000	0.000	0.000	2.555	0.783	0.000	0.000	0.000	0.000	0.000	0.000	0.000	0.000	0.000	1	0	0	0	3	0	0.000	0.000	0	1	0	0	0	0	0	0	0	0	0	0	0.101
137	CC(=O)O	60.060	7.507	3	1	0	0	0.0	25.0	0.000	0.000	0.000	2.000	0.519	0.000	2.031	0.000	na	2.720	2.881	0.537	0.000	8.825	0.000	0.000	0.000	0.000	8.825	0.000	9.735	0.000	0.000	0.910	0.000	42.683	3.925	1.221	0.000	0.000	0.000	0.000	0.000	0.000	0.000	0.000	0.000	1	0	0	0	3	0	0.000	0.000	1	2	0	0	0	0	0	0	0	0	0	0	0.149
138	CC(=O)C	58.090	5.809	3	1	0	0	0.0	10.0	0.000	0.000	0.000	2.444	0.908	0.000	1.239	0.000	na	3.339	3.272	0.908	0.000	17.650	0.000	0.000	0.000	0.000	17.650	0.000	22.784	0.000	0.000	5.133	0.000	0.000	3.677	1.302	0.000	0.000	0.000	0.000	0.000	0.000	0.000	0.000	0.000	2	0	0	0	6	0	0.000	0.000	0	2	0	0	0	0	0	0	0	0	0	0	0.041
139	C=CCCl	76.530	8.503	2	1	0	0	0.0	0.0	0.000	0.000	0.000	0.957	0.752	3.132	2.373	0.000	na	5.412	4.341	0.857	0.000	0.000	18.616	9.476	0.000	0.000	2.850	48.625	67.241	0.000	0.000	2.850	0.000	0.000	2.060	1.942	0.000	0.000	0.000	0.000	0.000	0.000	0.000	0.000	0.000	1	0	0	5	0	0	0.000	0.000	0	0	0	0	0	0	0	0	0	0	0	1	2.795
140	CCCCOC(=O)C=C	128.190	6.104	3	2	5	0	0.0	9.5	0.000	0.000	0.000	3.346	1.725	1.787	3.785	0.607	na	8.366	9.334	2.033	0.819	8.825	25.428	9.476	0.000	0.000	18.487	9.476	50.921	0.000	0.000	16.853	0.000	0.000	3.349	3.261	0.313	-0.654	-2.417	-3.006	-4.386	0.000	0.000	0.000	0.000	1	2	5	5	0	2	0.000	4.675	1	3	3	1	1	0	0	0	0	0	4	0	2.621
141	C(Cl)(Cl)(Cl)Cl	153.810	30.762	4	0	0	0	0.0	0.0	0.000	0.000	0.000	0.715	3.857	0.000	0.000	0.000	na	0.914	0.000	0.036	0.000	0.000	0.000	0.000	0.000	0.000	0.000	0.000	156.595	0.000	0.000	0.000	0.000	0.000	3.320	2.410	-3.000	0.000	0.000	0.000	0.000	0.000	0.000	0.000	0.000	1	0	0	0	0	0	0.000	0.000	0	0	0	0	0	0	0	0	0	0	0	0	4.957
142	C(F)(F)Cl	86.470	17.294	3	0	0	2	0.0	0.0	0.000	0.000	0.000	2.099	0.577	0.000	0.000	0.000	na	2.885	0.000	0.532	0.000	0.000	0.000	0.000	8.430	0.000	8.430	39.149	47.578	0.000	0.000	0.000	0.000	0.000	4.596	0.983	0.000	0.000	0.000	0.000	0.000	0.000	0.000	0.000	0.000	1	0	0	0	0	0	0.000	0.000	0	0	0	0	0	0	0	0	4	0	0	0	1.860
143	C(Cl)Cl	84.930	16.986	2	0	0	0	0.0	0.0	0.000	0.000	0.000	0.653	0.909	0.000	0.000	0.000	na	12.313	0.000	0.261	0.000	0.000	3.165	0.000	0.000	0.000	3.165	0.000	81.462	0.000	0.000	3.165	0.000	0.000	2.400	0.833	0.000	0.000	0.000	0.000	0.000	0.000	0.000	0.000	0.000	1	0	0	0	0	0	0.000	0.000	0	0	0	0	0	0	0	0	0	0	0	0	1.860
144	CCOCC	74.140	4.943	2	0	2	0	0.0	6.7	0.000	0.000	0.000	1.333	0.781	2.340	2.073	2.482	na	5.420	4.559	1.254	0.000	17.650	9.185	0.000	0.000	11.000	26.835	0.000	26.835	0.000	0.000	9.185	0.000	0.000	1.720	3.488	-2.732	0.000	0.000	0.000	0.000	0.000	0.000	0.000	0.000	2	0	0	4	0	6	0.000	4.833	0	2	0	0	1	0	0	0	0	0	0	0	0.640
145	C1C(O1)CCl	92.530	9.253	1	0	0	0	0.0	10.0	0.000	0.000	0.000	1.226	1.418	2.983	2.922	2.061	4.716	6.721	6.509	1.043	0.000	0.000	7.442	0.000	0.000	11.000	7.442	39.149	46.591	0.000	0.000	7.442	0.000	0.000	1.720	3.991	-3.000	-4.455	0.000	0.000	0.000	0.000	0.000	0.000	0.000	1	1	0	5	0	0	0.000	4.726	0	0	1	0	0	0	0	3	0	0	0	1	0.166
146	C(C(CO)O)O	92.110	6.579	3	0	2	0	0.0	21.4	0.000	0.000	0.000	2.167	1.019	3.135	2.807	2.217	na	5.759	7.735	0.932	0.000	0.000	0.000	128.050	0.000	128.050	0.000	0.000	0.000	0.000	0.000	0.000	0.000	128.050	0.000	0.581	-2.653	-3.791	0.000	0.000	0.000	0.000	0.000	0.000	0.000	2	1	0	5	0	0	0.000	0.000	0	0	0	0	0	0	0	0	0	0	2	0	1.876
147	C(C(F)(F)F)(F)(F)F	138.020	17.252	6	0	0	6	0.0	0.0	0.000	0.000	0.000	2.437	0.996	4.976	0.311	0.000	na	0.508	0.191	0.784	0.000	0.000	0.000	0.000	15.519	0.000	15.519	0.000	15.519	0.000	0.000	0.000	0.000	0.000	4.530	3.134	-3.000	-3.000	-3.000	-7.817	0.000	0.000	0.000	0.000	0.000	2	0	0	0	0	0	0.000	0.000	0	0	0	0	0	0	0	0	0	0	0	0	4.957
148	C1=CC(=O)OC1=O	98.060	10.896	2	3	0	0	0.0	33.3	15.767	0.000	0.000	2.924	1.073	2.393	2.281	0.889	6.725	0.850	2.387	0.787	0.000	0.000	0.000	18.952	0.000	0.000	0.000	18.952	33.335	0.000	0.000	14.383	0.000	0.000	3.859	3.309	-1.328	-2.408	-4.473	-5.041	0.000	0.000	0.000	0.000	0.000	0	0	0	2	0	0	0.000	3.972	2	4	2	0	0	0	0	0	0	0	4	0	0.252
149	CCl	50.490	10.098	2	0	0	0	0.0	0.0	0.000	0.000	0.000	0.528	0.000	0.000	0.000	0.000	0.816	6.510	0.000	0.469	0.000	9.140	0.000	0.000	0.000	0.000	0.000	39.149	48.289	0.000	0.000	0.000	0.000	0.000	0.000	0.000	0.000	0.000	0.000	0.000	0.000	0.000	0.000	0.000	0.000	1	0	0	3	0	0	0.000	0.000	0	0	0	0	0	0	0	0	0	0	0	0	0.713
150	CCCC	58.140	4.153	2	0	1	0	0.0	0.0	0.000	0.000	0.000	0.181	1.000	3.132	1.842	3.283	na	3.801	3.236	1.370	0.000	17.650	5.069	0.000	0.000	0.000	22.719	0.000	22.719	0.000	0.000	5.069	0.000	0.000	0.000	0.000	0.000	0.000	0.000	0.000	0.000	0.000	0.000	0.000	0.000	2	2	10	0	0	0	0.000	0.000	0	0	0	0	0	0	0	0	0	0	0	0	7.447
151	NN	32.060	5.343	2	0	0	0	33.3	0.0	0.000	0.000	0.000	0.000	0.000	0.000	0.390	0.000	0.816	1.302	0.521	0.080	0.000	0.000	0.000	65.549	0.000	0.000	0.000	0.000	0.000	0.000	0.000	0.000	0.000	65.549	0.000	0.000	0.000	0.000	0.000	0.000	0.000	0.000	0.000	0.000	0.000	0	0	0	0	0	0	0.000	0.000	0	0	0	0	0	0	0	0	0	0	0	0	4.523
152	C(C(CO)(CO)CO)O	136.170	6.484	4	0	4	0	0.0	19.0	0.000	0.000	0.000	2.497	2.132	3.634	2.107	2.951	na	8.965	11.908	1.647	0.000	0.000	0.000	170.733	0.000	170.733	0.000	0.000	0.000	0.000	0.000	0.000	0.000	170.733	0.000	6.977	0.828	-0.325	-4.828	-4.828	-4.828	0.000	0.000	0.000	0.000	4	0	0	8	0	0	0.000	0.000	0	4	0	0	0	0	0	0	0	0	12	0	1.729
153	CCCCC	72.170	4.245	2	0	2	0	0.0	0.0	0.000	0.000	0.000	0.212	1.354	2.340	2.352	2.703	na	5.042	4.726	1.720	0.000	17.650	7.604	0.000	0.000	0.000	25.254	0.000	25.254	0.000	0.000	7.604	0.000	0.000	0.000	0.000	-2.732	0.000	0.000	0.000	0.000	0.000	0.000	0.000	0.000	2	3	12	0	0	0	0.000	0.000	0	0	0	0	1	0	0	0	0	0	0	0	9.850
154	NN	32.060	5.343	2	0	0	0	33.3	0.0	0.000	0.000	0.000	0.000	0.000	0.000	0.390	0.000	0.816	1.302	0.521	0.080	0.000	0.000	0.000	65.549	0.000	0.000	0.000	0.000	0.000	0.000	0.000	0.000	0.000	65.549	0.000	0.000	0.000	0.000	0.000	0.000	0.000	0.000	0.000	0.000	0.000	0	0	0	0	0	0	0.000	0.000	0	0	0	0	0	0	0	0	0	0	0	0	4.523
155	c1cc(ccc1N)N	108.160	6.760	2	6	0	0	12.5	0.0	0.000	0.000	0.000	1.371	1.667	1.848	2.250	1.750	7.540	5.172	6.592	1.170	4.639	0.000	0.000	103.699	0.000	0.000	0.000	0.000	43.418	0.000	0.000	5.513	0.000	65.794	0.000	5.000	0.000	-2.275	-3.000	-3.623	-5.275	0.000	0.000	0.000	0.000	0	0	0	4	0	0	0.000	0.000	0	0	0	0	0	0	0	0	0	2	0	0	0.798
156	CC=C	42.090	4.677	2	1	0	0	0.0	0.0	0.000	0.000	0.000	0.361	0.408	0.000	2.067	0.000	na	2.051	1.398	0.852	0.000	8.825	15.767	9.476	0.000	0.000	8.825	9.476	34.068	0.000	0.000	0.000	0.000	0.000	0.000	0.000	0.000	0.000	0.000	0.000	0.000	0.000	0.000	0.000	0.000	1	0	3	3	0	0	0.000	0.000	0	0	0	0	0	0	0	0	0	0	0	0	1.486
157	C=Cc1ccccc1	104.160	6.510	1	7	1	0	0.0	0.0	0.000	0.000	0.000	0.631	1.615	1.782	3.203	0.625	7.596	5.033	6.082	1.534	0.703	0.000	15.767	56.857	0.000	0.000	0.000	9.476	75.810	0.000	0.000	3.186	0.000	0.000	0.000	0.000	0.604	-1.393	-2.347	-4.096	-4.789	0.000	0.000	0.000	0.000	0	0	0	8	0	0	0.000	0.000	0	0	0	0	3	0	0	0	0	0	0	0	8.130
158	C(=C(Cl)Cl)(Cl)Cl	165.820	27.637	4	1	0	0	0.0	0.0	0.000	0.000	0.000	0.883	2.420	3.971	0.390	0.000	na	4.232	1.693	0.076	0.000	0.000	0.000	0.000	0.000	0.000	0.000	0.000	164.226	0.000	0.000	7.631	0.000	0.000	2.400	3.333	-2.000	-4.745	0.000	0.000	0.000	0.000	0.000	0.000	0.000	0	0	0	0	0	0	0.000	0.000	0	0	0	0	0	0	0	0	0	0	0	0	6.047
159	C(C(F)(F)F)F	102.040	12.755	4	0	0	4	0.0	0.0	0.000	0.000	0.000	2.410	0.749	5.184	1.406	0.000	na	3.035	3.862	0.737	0.000	0.000	8.470	0.000	7.760	0.000	16.229	0.000	16.229	0.000	0.000	8.470	0.000	0.000	4.530	1.696	-3.000	-4.381	0.000	0.000	0.000	0.000	0.000	0.000	0.000	2	0	0	2	0	0	0.000	0.000	0	0	0	0	0	0	0	0	0	0	0	0	3.301
160	Cc1ccccc1	92.150	6.143	1	6	0	0	0.0	0.0	0.000	0.000	0.000	0.083	1.655	2.022	2.873	0.850	6.593	5.171	5.682	1.527	0.000	8.825	0.000	47.381	0.000	0.000	8.825	0.000	59.392	0.000	0.000	3.186	0.000	0.000	0.000	1.471	-0.838	-2.347	-3.206	-4.789	0.000	0.000	0.000	0.000	0.000	1	0	3	5	0	0	0.000	0.000	0	0	0	0	1	0	0	0	0	0	0	0	6.802
161	C(=C(Cl)Cl)Cl	131.380	21.897	3	1	0	0	0.0	0.0	0.000	0.000	0.000	0.846	1.625	3.916	1.390	0.000	na	7.455	6.472	0.021	0.000	0.000	9.791	0.000	39.149	0.000	0.000	39.149	131.053	0.000	0.000	3.816	0.000	0.000	2.400	1.751	-3.226	0.000	0.000	0.000	0.000	0.000	0.000	0.000	0.000	0	0	0	0	0	0	0.000	0.000	0	0	0	0	0	0	0	0	0	0	0	0	4.332
162	C(C(CCl)Cl)Cl	147.430	13.403	3	0	0	0	0.0	0.0	0.000	0.000	0.000	1.275	2.140	3.135	2.054	0.000	na	13.184	23.269	0.825	0.000	0.000	5.699	0.000	0.000	0.000	5.699	117.446	123.145	0.000	0.000	5.699	0.000	0.000	0.000	0.321	-2.653	-3.791	0.000	0.000	0.000	0.000	0.000	0.000	0.000	2	1	0	5	0	0	0.000	0.000	0	0	0	0	1	0	0	0	0	0	0	2	6.781
163	c1c(cc(cc1C(=O)Cl)C(=O)Cl)C(=O)Cl	265.470	14.748	6	9	3	0	0.0	16.7	0.000	0.000	0.000	3.852	3.650	1.540	2.585	1.585	na	3.978	6.098	0.793	0.924	0.000	0.000	28.429	0.000	0.000	0.000	0.000	171.777	0.000	0.000	25.902	0.000	0.000	3.870	3.731	3.309	2.461	2.461	-1.953	-1.953	-2.000	-2.000	-2.000	-6.000	0	0	0	3	0	0	0.000	0.000	0	6	6	3	6	0	0	42	0	0	6	6	3.789
164	C=CCl	62.500	10.417	2	1	0	0	0.0	0.0	0.000	0.000	0.000	0.651	0.463	0.000	1.390	0.000	na	2.834	4.492	0.493	0.000	0.000	25.558	0.000	39.149	0.000	0.000	39.149	64.707	0.000	0.000	0.000	0.000	0.000	0.000	0.000	0.000	0.000	0.000	0.000	0.000	0.000	0.000	0.000	0.000	0	0	0	2	0	0	0.000	0.000	0	0	0	0	0	0	0	0	0	0	0	0	1.486
165	C=CF	46.050	7.675	2	1	0	1	0.0	0.0	0.000	0.000	0.000	2.056	0.154	0.000	1.390	0.000	na	1.773	1.663	0.538	0.000	0.000	31.179	0.000	0.000	0.000	0.000	0.000	31.179	0.000	0.000	0.000	0.000	0.000	0.000	0.000	0.000	0.000	0.000	0.000	0.000	0.000	0.000	0.000	0.000	0	0	0	2	0	0	0.000	0.000	0	0	0	0	0	0	0	0	0	0	0	0	0.940
166	Cc1ccccc1C	106.180	5.899	2	6	0	0	0.0	0.0	0.000	0.000	0.000	0.120	2.084	2.091	2.642	1.528	7.711	6.483	7.125	1.894	0.000	17.650	0.000	37.905	0.000	0.000	17.650	0.000	61.927	0.000	0.000	6.371	0.000	0.000	0.000	2.080	0.000	-1.645	-3.451	-3.464	-5.792	0.000	0.000	0.000	0.000	2	0	6	4	0	0	0.000	0.000	0	0	0	0	2	0	0	0	0	0	0	0	8.653
