No.	NAME	MW	AMW	nBM	RBN	nDB	nN	nF	O%	D/Dtr03	D/Dtr05	D/Dtr10	BLI	MAXDP	Psi_i_A	Psi_e_1d	Vindex	Yindex	CIC3	CIC5	VE3sign_Dz(i)	VE3sign_B(i)	ATSC2m	ATSC1p	MATS6m	GATS3v	GATS4v	GATS5e	GATS7e	GATS8e	GATS1p	GATS3s	GATS4s	P_VSA_LogP_1	P_VSA_LogP_2	P_VSA_LogP_8	P_VSA_MR_3	P_VSA_MR_5	P_VSA_MR_7	P_VSA_s_1	P_VSA_s_3	P_VSA_ppp_N	SpMAD_EA(dm)	SM13_AEA(bo)	SM15_AEA(dm)	SM06_AEA(ri)	SM09_AEA(ri)	Eig02_EA(dm)	Eig03_EA(dm)	Eig04_EA(dm)	Eig09_AEA(dm)	Eig10_AEA(dm)	nCp	nCrs	nCconj	C-005	C-026	H-046	H-047	H-051	H-052	O-059	SdCH2	StN	CATS2D_04_DD	CATS2D_02_DA	CATS2D_02_DL	CATS2D_06_DL	CATS2D_02_AL	CATS2D_03_AL	CATS2D_06_LL	T(N..Cl)	T(O..F)	T(F..Cl)	F03[C-O]	F03[C-Cl]	F03[O-Cl]	F05[C-Cl]	MLOGP2
1	CCCO	60.110	5.009	0	1	0	0	0	8.3	0.000	0.000	0.000	1.523	1.875	2.750	-1.010	1.089	3.132	0.730	2.786	-0.595	-0.585	3.978	0.991	0.000	0.790	0.426	0.000	0.000	0.000	1.768	0.806	1.554	8.825	2.535	0.000	42.683	11.360	0.000	0.000	2.535	0.000	0.000	0.000	0.000	0.000	0.000	0.000	0.000	0.000	0.000	0.000	2	0	0	0	0	3	2	0	2	0	0.000	0.000	0	0	1	0	1	1	0	0	0	0	1	0	0	0	0.120
2	C(C(OC(F)F)(F)F)(F)Cl	184.500	15.375	0	1	0	0	5	8.3	0.000	0.000	0.000	0.805	3.588	5.153	-0.044	0.919	2.995	0.333	1.959	-1.546	-0.619	5.044	1.275	0.000	0.935	0.989	1.004	0.000	0.000	1.337	1.046	0.933	0.000	0.000	14.055	11.000	14.055	0.000	0.000	0.000	0.000	1.486	-1.000	-2.000	0.000	0.000	2.325	1.535	0.000	-1.278	0.000	1	0	0	0	0	0	0	0	0	1	0.000	0.000	0	0	0	0	0	1	0	0	11	18	0	0	1	0	3.120
3	CCC(C)O	74.140	4.943	0	1	0	0	0	6.7	0.000	0.000	0.000	1.463	2.361	2.567	0.662	1.106	3.916	0.767	2.718	-0.546	-0.288	5.333	1.353	0.000	1.028	0.802	0.000	0.000	0.000	1.698	1.467	1.028	17.650	2.535	0.000	42.683	20.185	0.000	0.000	2.535	0.000	0.000	0.000	0.000	0.000	0.000	0.000	0.000	0.000	0.000	0.000	2	0	0	0	0	3	1	0	5	0	0.000	0.000	0	0	2	0	2	1	0	0	0	0	1	0	0	0	0.640
4	CCC(C)(C)O	88.170	4.898	0	1	0	0	0	5.6	0.000	0.000	0.000	1.371	2.826	2.458	-0.408	1.203	5.184	1.348	2.979	-0.541	-0.173	6.777	1.708	0.000	1.512	0.736	0.000	0.000	0.000	1.657	2.083	0.691	26.476	2.535	0.000	42.683	29.010	0.000	0.000	2.535	0.000	0.000	-1.514	0.000	0.000	0.000	0.000	0.000	0.000	0.000	0.000	3	0	0	0	0	3	0	0	8	0	0.000	0.000	0	0	3	0	3	1	0	0	0	0	1	0	0	0	1.463
5	c1ccc(c(c1)N)[N](=O)[O]	138.140	8.634	7	1	1	2	0	12.5	0.000	0.000	0.000	0.811	3.147	3.133	0.026	0.570	1.869	0.500	0.125	-1.702	-0.793	3.886	1.147	0.027	1.176	1.073	2.273	0.000	0.000	0.749	0.610	1.022	6.545	0.000	0.000	0.000	0.000	6.545	0.000	5.513	0.000	0.274	-0.243	-2.000	0.000	0.000	0.000	0.000	0.000	-1.494	-2.000	0	0	0	0	2	0	4	0	0	0	0.000	0.000	0	0	1	0	1	4	0	0	0	0	4	0	0	0	0.613
6	c1c(c(cc(c1Cl)Cl)Cl)O	197.440	15.188	6	0	0	0	0	7.7	0.000	0.000	0.000	1.074	2.950	2.900	0.026	0.589	1.909	0.154	-0.000	-2.122	-2.559	4.696	0.629	-1.970	1.130	1.485	0.432	0.000	0.000	0.409	1.102	1.341	0.000	0.000	117.446	0.000	0.000	117.446	0.000	10.502	0.000	0.000	-0.463	-1.372	0.000	0.000	0.000	0.000	0.000	-1.373	-2.000	0	0	0	0	4	0	2	0	0	0	0.000	0.000	0	0	1	0	1	2	0	0	0	0	2	6	1	0	10.982
7	c1cc(ccc1CCl)Cl	161.030	10.735	6	0	0	0	0	0.0	0.000	0.000	0.000	1.181	1.514	2.340	-0.047	0.540	1.630	0.667	0.667	-0.697	-1.159	5.593	1.045	0.361	1.124	1.151	1.310	0.000	0.000	0.657	0.840	1.224	0.000	2.850	39.149	0.000	2.850	78.297	0.000	9.536	0.000	0.229	-0.309	-2.787	0.000	0.000	0.000	0.000	0.000	-2.000	0.000	1	0	0	0	1	0	6	0	0	0	0.000	0.000	0	0	0	0	0	0	1	0	0	0	0	4	0	2	12.439
8	CC(C)CCOC(=O)C	130.210	5.661	1	4	1	0	0	8.7	0.000	0.000	0.000	1.222	3.203	2.500	0.084	0.678	1.821	1.142	1.339	-0.948	-0.328	9.505	2.213	-0.002	1.183	0.885	1.544	1.874	0.000	1.719	1.145	0.731	26.476	7.127	0.000	0.000	33.603	0.000	0.000	14.318	0.000	0.682	-1.000	-2.000	0.000	0.000	0.286	0.000	0.000	0.000	0.000	3	0	0	0	0	7	2	3	2	0	0.000	0.000	0	0	0	0	3	1	2	0	0	0	2	0	0	0	2.981
9	CC(C)CC(=O)C	100.180	5.273	1	2	1	0	0	5.3	0.000	0.000	0.000	1.310	3.254	2.500	0.247	0.875	2.672	1.277	2.290	-0.829	-0.207	7.021	1.939	0.570	1.361	0.562	2.843	0.000	0.000	1.580	1.544	0.567	26.476	2.535	0.000	0.000	29.010	0.000	0.000	7.668	0.000	0.726	-1.000	-4.772	0.000	0.000	0.000	0.000	0.000	0.000	0.000	3	0	0	0	0	7	0	5	0	0	0.000	0.000	0	0	0	0	2	1	0	0	0	0	1	0	0	0	2.080
10	CC(C)(C)c1ccc(cc1)C=O	162.250	6.240	7	2	1	0	0	3.8	0.000	0.000	0.000	1.024	3.367	2.299	na	0.492	1.466	1.588	1.588	-1.440	-0.858	9.910	2.764	0.334	1.438	0.919	0.779	2.075	6.388	1.135	0.502	0.704	26.476	0.000	0.000	0.000	26.476	11.424	0.000	6.371	0.000	0.000	0.493	-1.049	-5.275	0.000	0.000	0.000	0.000	-1.000	-1.185	3	0	1	0	0	9	4	0	0	0	0.000	0.000	0	0	0	0	1	2	0	0	0	0	2	0	0	0	9.086
11	Cc1ccc(cc1)C(C)(C)C	148.270	5.491	6	1	0	0	0	0.0	0.000	0.000	0.000	1.110	0.234	1.871	-0.014	0.531	1.648	1.853	1.705	-1.120	-0.642	10.435	2.963	0.144	1.496	0.936	0.945	1.994	0.000	1.182	1.446	1.053	35.301	0.000	0.000	0.000	35.301	0.000	0.000	6.371	0.000	0.000	-0.214	-3.000	-6.870	0.000	0.000	0.000	0.000	-1.000	-1.538	4	0	0	0	0	12	4	0	0	0	0.000	0.000	0	0	0	0	0	0	3	0	0	0	0	0	0	0	14.851
12	CC=O	44.060	6.294	1	0	1	0	0	14.3	0.000	0.000	0.000	1.220	1.806	3.667	1.402	2.042	0.000	1.481	0.000	-0.249	-0.176	2.158	0.559	0.000	0.402	0.000	0.000	0.000	0.000	1.740	1.871	0.000	8.825	0.000	0.000	0.000	8.825	11.424	0.000	0.000	0.000	1.277	0.000	0.000	0.000	0.000	-1.277	0.000	0.000	0.000	0.000	1	0	0	0	0	0	0	3	0	0	0.000	0.000	0	0	0	0	1	0	0	0	0	0	0	0	0	0	0.101
13	C/C(=N\c1ccccc1)/O	135.180	7.115	7	1	1	1	0	5.3	0.000	0.000	0.000	0.924	2.756	2.433	0.026	0.486	1.435	0.816	0.671	-0.991	-0.735	6.267	1.725	-0.091	0.966	0.957	1.504	0.652	0.000	1.036	1.415	0.642	8.825	0.000	0.000	0.000	25.611	0.000	0.000	2.757	0.000	0.369	-0.152	-2.000	0.000	0.000	0.150	0.000	0.000	-1.472	-2.000	1	0	1	0	1	0	5	3	0	0	0.000	0.000	0	1	1	1	4	2	1	0	0	0	1	0	0	0	4.135
14	CC(=O)O	60.060	7.507	1	0	1	0	0	25.0	0.000	0.000	0.000	0.928	2.000	4.167	-1.030	1.592	0.000	0.969	0.000	-0.410	-0.130	2.720	0.537	0.000	1.095	0.000	0.000	0.000	0.000	1.628	2.271	0.000	8.825	0.000	0.000	0.000	8.825	0.000	0.000	0.910	0.910	1.561	0.000	0.000	0.000	0.000	-0.757	-1.584	0.000	0.000	0.000	1	0	0	0	0	0	0	3	0	0	0.000	0.000	0	1	1	0	2	0	0	0	0	0	0	0	0	0	0.149
15	CC(=O)OC(=O)C	102.100	7.854	2	2	2	0	0	23.1	0.000	0.000	0.000	0.908	2.811	3.548	0.254	0.875	2.672	1.655	2.355	na	-0.206	5.110	1.072	1.109	0.720	1.509	1.467	0.000	0.000	1.763	2.055	0.558	17.650	0.000	0.000	0.000	17.650	0.000	0.000	14.383	0.000	1.592	-1.000	-4.772	0.000	0.000	2.112	-0.366	-1.024	0.000	0.000	2	0	0	0	0	0	0	6	0	0	0.000	0.000	0	0	0	0	4	0	0	0	0	0	2	0	0	0	0.207
16	CC(=O)CC(=O)O	102.100	7.854	2	2	2	0	0	23.1	0.000	0.000	0.000	0.919	2.873	3.833	0.249	0.875	2.672	0.520	1.789	-1.112	-0.208	4.515	1.129	1.109	1.222	0.644	2.518	0.000	0.000	1.422	1.815	0.238	8.825	2.535	0.000	0.000	11.360	0.000	0.000	8.578	0.910	1.527	-1.000	-4.772	0.000	0.000	2.076	-0.342	-1.029	0.000	0.000	1	0	0	0	0	0	0	5	0	0	0.000	0.000	0	1	1	0	4	0	0	0	0	0	3	0	0	0	0.127
17	CC(=O)C	58.090	5.809	1	0	1	0	0	10.0	0.000	0.000	0.000	1.204	2.444	3.167	-1.014	1.592	0.000	2.083	0.000	na	-0.124	3.339	0.908	0.000	1.495	0.000	0.000	0.000	0.000	1.660	2.691	0.000	17.650	0.000	0.000	0.000	17.650	0.000	0.000	5.133	0.000	1.452	0.000	0.000	0.000	0.000	-0.680	-1.498	0.000	0.000	0.000	2	0	0	0	0	0	0	6	0	0	0.000	0.000	0	0	0	0	2	0	0	0	0	0	0	0	0	0	0.041
18	CC(=O)Cl	78.500	11.214	1	0	1	0	0	14.3	0.000	0.000	0.000	1.271	2.210	3.694	-1.024	1.592	0.000	1.481	0.000	-0.456	-0.128	3.299	0.626	0.000	1.495	0.000	0.000	0.000	0.000	0.901	2.244	0.000	8.825	0.000	0.000	0.000	8.825	0.000	0.000	5.449	0.000	1.911	0.000	0.000	0.000	0.000	-0.907	-1.959	0.000	0.000	0.000	1	0	0	0	0	0	0	3	0	0	0.000	0.000	0	0	0	0	2	0	0	0	0	0	0	0	0	0	0.041
19	C#C	26.040	6.510	1	0	0	0	0	0.0	0.000	0.000	0.000	1.000	0.000	4.000	-1.498	0.000	0.000	1.500	0.000	na	na	0.419	0.288	0.000	0.000	0.000	0.000	0.000	0.000	1.000	0.000	0.000	0.000	0.000	0.000	0.000	0.000	0.000	0.000	0.000	0.000	0.000	0.000	0.000	0.000	0.000	0.000	0.000	0.000	0.000	0.000	0	0	0	0	0	0	0	0	0	0	0.000	0.000	0	0	0	0	0	0	0	0	0	0	0	0	0	0	0.489
20	C=CC=O	56.070	7.009	2	1	2	0	0	12.5	0.000	0.000	0.000	0.977	2.056	3.500	-1.039	1.089	3.132	0.625	0.000	-0.830	-0.608	2.149	0.714	0.000	0.884	0.377	0.000	0.000	0.000	1.328	0.860	2.136	0.000	15.767	0.000	0.000	0.000	20.900	0.000	0.000	0.000	0.000	0.000	0.000	0.000	0.000	0.000	0.000	0.000	0.000	0.000	0	0	3	0	0	0	3	0	0	0	3.111	0.000	0	0	0	0	1	1	0	0	0	0	1	0	0	0	0.009
21	C=CC(=O)O	72.070	8.008	2	1	2	0	0	22.2	0.000	0.000	0.000	0.843	2.250	3.933	0.682	1.106	3.916	0.222	2.336	-0.736	-0.342	2.308	0.731	0.000	1.002	0.944	0.000	0.000	0.000	1.225	1.165	1.974	0.000	15.767	0.000	0.000	0.000	9.476	0.000	0.910	0.910	0.718	0.000	0.000	0.000	0.000	0.000	0.000	-1.437	0.000	0.000	0	0	3	0	0	0	3	0	0	0	2.961	0.000	0	1	1	0	2	2	0	0	0	0	2	0	0	0	0.001
22	C(CCC(=O)O)CC(=O)O	146.160	7.308	2	5	2	0	0	20.0	0.000	0.000	0.000	1.021	2.897	3.533	-0.047	0.624	1.625	1.400	1.400	na	na	7.589	1.812	-0.234	1.032	0.913	1.322	0.015	3.239	1.406	1.014	1.001	0.000	10.138	0.000	0.000	10.138	0.000	0.000	11.958	1.820	1.040	-0.705	-2.000	0.000	0.000	2.341	0.000	0.000	-1.703	0.000	0	0	0	0	0	4	0	4	0	0	0.000	0.000	0	2	2	0	4	4	0	0	0	0	4	0	0	0	0.189
23	C=CCCl	76.530	8.503	1	0	1	0	0	0.0	0.000	0.000	0.000	1.618	0.957	2.653	-1.020	1.089	3.132	0.797	0.000	-0.404	-0.422	5.412	0.857	0.000	0.890	0.709	0.000	0.000	0.000	0.925	0.771	1.281	0.000	18.616	0.000	0.000	2.850	48.625	0.000	2.850	0.000	0.687	0.000	0.000	0.000	0.000	0.000	-1.030	0.000	0.000	0.000	1	0	0	0	0	0	5	0	0	0	3.347	0.000	0	0	0	0	0	0	0	0	0	0	0	1	0	0	2.795
24	c1ccc2c(c1)cccc2O	144.180	7.588	11	0	0	0	0	5.3	0.000	0.000	34.168	0.886	3.371	2.273	na	0.450	1.476	0.711	0.000	-2.481	-1.125	5.438	1.749	0.322	1.003	1.192	1.502	0.000	0.000	0.758	0.880	1.235	0.000	0.000	0.000	0.000	0.000	0.000	0.000	5.146	0.000	0.000	0.876	-0.480	-5.356	0.000	0.000	0.000	0.000	-1.250	-1.637	0	0	0	0	1	0	7	0	0	0	0.000	0.000	0	0	2	0	2	3	0	0	0	0	3	0	0	0	6.954
25	Cc1ccccn1	93.140	6.653	6	0	0	1	0	0.0	0.000	0.000	0.000	0.973	0.979	2.095	-0.148	0.643	2.022	0.340	0.340	-0.606	-0.592	4.860	1.258	0.992	1.068	1.264	0.178	0.000	0.000	1.110	1.616	0.994	8.825	0.000	0.000	0.000	20.629	16.786	0.000	2.757	0.000	0.000	-1.000	-3.206	0.000	0.000	0.000	0.000	0.000	0.000	0.000	1	0	0	0	0	0	3	3	0	0	0.000	0.000	0	0	0	0	3	1	0	0	0	0	0	0	0	0	0.716
26	c1ccc(cc1)N	93.140	6.653	6	0	0	1	0	0.0	0.000	0.000	0.000	0.943	1.358	2.238	-0.147	0.643	2.022	0.911	0.714	-0.915	-0.589	4.476	1.190	0.992	1.201	0.994	0.874	0.000	0.000	0.815	1.117	1.090	0.000	0.000	0.000	0.000	0.000	0.000	0.000	2.757	0.000	0.000	-1.000	-3.206	0.000	0.000	0.000	0.000	0.000	0.000	0.000	0	0	0	0	1	0	5	0	0	0	0.000	0.000	0	0	2	0	0	0	0	0	0	0	0	0	0	0	2.268
27	c1ccc(c(c1)C(=O)O)N	137.150	8.068	7	1	1	1	0	11.8	0.000	0.000	0.000	0.838	3.342	3.000	0.026	0.570	1.869	0.235	0.118	-0.884	-0.798	4.524	1.421	0.486	1.146	1.231	2.077	0.000	0.000	0.782	0.780	0.969	0.000	0.000	0.000	0.000	0.000	0.000	0.000	6.852	0.910	0.287	-0.243	-2.000	0.000	0.000	0.000	0.000	0.000	-1.619	-2.000	0	0	1	0	1	0	4	0	0	0	0.000	0.000	1	1	3	0	2	2	0	0	0	0	4	0	0	0	2.700
28	c1ccc(cc1)C(Cl)Cl	161.030	10.735	6	0	0	0	0	0.0	0.000	0.000	0.000	1.170	1.457	2.358	-0.047	0.558	1.764	0.850	0.667	-0.673	-2.518	9.040	1.045	-1.072	0.953	1.076	2.078	0.000	0.000	0.657	0.519	1.241	0.000	0.000	0.000	0.000	0.000	0.000	0.000	3.186	0.000	0.447	-0.732	-2.000	0.000	0.000	0.000	0.000	0.000	-2.000	0.000	1	0	0	0	0	0	5	0	0	0	0.000	0.000	0	0	0	0	0	0	0	0	0	0	0	4	0	2	12.439
29	c1ccc(cc1)C=O	106.130	7.581	7	1	1	0	0	7.1	0.000	0.000	0.000	0.913	3.006	2.583	0.084	0.573	1.782	0.768	0.571	-0.731	-0.918	3.950	1.297	-0.182	1.149	1.009	2.330	0.000	0.000	0.927	0.529	1.368	0.000	0.000	0.000	0.000	0.000	11.424	0.000	3.186	0.000	0.000	-0.757	-2.347	0.000	0.000	0.000	0.000	0.000	0.000	0.000	0	0	1	0	0	0	5	0	0	0	0.000	0.000	0	0	0	0	1	2	0	0	0	0	2	0	0	0	3.129
30	c1ccc(cc1)CO	108.150	6.759	6	1	0	0	0	6.3	0.000	0.000	0.000	0.968	2.538	2.396	0.084	0.573	1.782	0.797	0.625	-0.526	-0.833	5.552	1.615	0.240	1.152	1.080	1.484	0.000	0.000	0.949	0.507	1.174	0.000	0.000	0.000	42.683	0.000	0.000	0.000	3.186	0.000	0.191	-0.757	-2.347	0.000	0.000	0.000	0.000	0.000	0.000	0.000	1	0	0	0	0	0	7	0	0	0	0.000	0.000	0	0	1	0	1	2	0	0	0	0	2	0	0	0	2.532
31	c1ccc(cc1)CCl	126.590	8.439	6	0	0	0	0	0.0	0.000	0.000	0.000	1.150	1.416	2.160	0.084	0.573	1.782	0.850	0.667	-0.512	-0.839	6.748	1.324	-0.375	1.076	1.023	1.823	0.000	0.000	0.788	0.617	1.134	0.000	2.850	0.000	0.000	2.850	39.149	0.000	6.035	0.000	0.257	-0.757	-2.347	0.000	0.000	0.000	0.000	0.000	0.000	0.000	1	0	0	0	0	0	7	0	0	0	0.000	0.000	0	0	0	0	0	0	0	0	0	0	0	2	0	1	8.653
32	CC(C)(c1ccc(cc1)O)c2ccc(cc2)O	228.310	6.918	12	2	0	0	0	6.1	0.000	0.000	0.000	0.932	3.296	2.348	na	0.338	0.996	1.743	1.743	na	-1.207	11.694	3.375	0.231	1.194	1.191	0.237	2.971	1.913	0.917	0.889	0.691	17.650	0.000	0.000	0.000	17.650	0.000	0.000	6.371	0.000	0.076	1.310	2.275	-3.000	-3.066	0.000	0.000	0.000	0.058	-0.865	2	0	0	0	2	6	8	0	0	0	0.000	0.000	0	0	4	6	4	4	4	0	0	0	4	0	0	0	10.928
33	B(F)(F)F	67.810	16.953	0	0	0	0	3	0.0	0.000	0.000	0.000	0.655	1.667	6.333	-1.062	1.592	0.000	0.000	0.000	na	-0.202	0.087	1.108	0.000	na	na	0.000	0.000	0.000	2.000	0.000	0.000	0.000	0.000	0.000	0.000	0.000	0.000	0.000	0.000	0.000	0.000	0.000	0.000	0.000	0.000	0.000	0.000	0.000	0.000	0.000	0	0	0	0	0	0	0	0	0	0	0.000	0.000	0	0	0	0	0	0	0	0	0	0	0	0	0	0	0.298
34	CCCBr	123.000	11.182	0	0	0	0	0	0.0	0.000	0.000	0.000	2.596	0.498	1.937	-0.999	1.089	3.132	1.110	0.000	-0.825	-0.825	14.204	1.231	0.000	0.788	1.014	0.000	0.000	0.000	0.789	0.798	1.554	8.825	4.939	45.954	0.000	13.764	0.000	0.000	4.939	0.000	0.000	0.000	0.000	0.000	0.000	0.000	0.000	0.000	0.000	0.000	2	0	0	0	0	3	2	0	2	0	0.000	0.000	0	0	0	0	0	0	0	0	0	0	0	0	0	0	4.106
35	CCCC	58.140	4.153	0	1	0	0	0	0.0	0.000	0.000	0.000	1.914	0.181	1.750	-0.995	1.089	3.132	1.965	3.283	na	na	3.801	1.370	0.000	0.843	0.758	0.000	0.000	0.000	1.750	0.713	1.167	17.650	5.069	0.000	0.000	22.719	0.000	0.000	5.069	0.000	0.000	0.000	0.000	0.000	0.000	0.000	0.000	0.000	0.000	0.000	2	0	0	0	0	10	0	0	0	0	0.000	0.000	0	0	0	0	0	0	0	0	0	0	0	0	0	0	7.447
36	CS(=O)(=O)OCCCCOS(=O)(=O)C	246.340	8.798	4	7	4	0	0	21.4	0.000	0.000	0.000	1.737	3.474	3.345	na	0.576	1.463	1.768	1.768	na	na	20.001	3.633	-0.072	0.916	1.192	0.962	0.818	1.013	1.945	1.227	1.045	14.381	14.254	0.000	17.091	14.254	15.500	15.500	14.254	0.000	1.023	0.313	-1.206	-3.013	0.000	3.324	0.000	0.000	-0.152	-0.792	0	0	0	2	0	0	10	0	4	2	0.000	0.000	0	0	0	0	2	2	0	0	0	0	6	0	0	0	0.250
37	CCCCOC(=O)C	116.180	5.809	1	4	1	0	0	10.0	0.000	0.000	0.000	1.245	3.096	2.583	-0.147	0.680	1.812	0.775	0.992	-0.629	-0.362	8.250	1.867	-0.149	0.864	1.056	1.207	1.159	0.000	1.755	1.194	1.046	17.650	9.661	0.000	0.000	27.312	0.000	0.000	16.853	0.000	0.780	-1.000	-2.489	0.000	0.000	0.286	0.000	0.000	0.000	0.000	2	0	0	0	0	5	2	3	2	0	0.000	0.000	0	0	0	0	3	1	1	0	0	0	2	0	0	0	1.886
38	CCCCOC(=O)C=C	128.190	6.104	2	5	2	0	0	9.5	0.000	0.000	0.000	1.163	3.346	2.630	0.084	0.667	1.787	0.607	0.607	-0.633	-0.781	8.366	2.033	-0.157	0.834	0.890	1.329	1.031	0.055	1.580	0.710	1.623	8.825	25.428	0.000	0.000	18.487	9.476	0.000	16.853	0.000	0.419	-0.420	-2.417	0.000	0.000	0.000	0.000	0.000	0.000	0.000	1	0	3	0	0	5	5	0	2	0	3.265	0.000	0	0	0	0	3	3	2	0	0	0	4	0	0	0	2.621
39	C(Cl)(Cl)(Cl)Cl	153.810	30.762	0	0	0	0	0	0.0	0.000	0.000	0.000	1.701	0.715	3.539	0.664	1.553	0.000	0.000	0.000	na	-0.087	0.914	0.036	0.000	0.000	0.000	0.000	0.000	0.000	2.500	0.000	0.000	0.000	0.000	0.000	0.000	0.000	0.000	0.000	0.000	0.000	1.245	0.000	0.000	0.000	0.000	-0.830	-0.830	-0.830	0.000	0.000	1	0	0	0	0	0	0	0	0	0	0.000	0.000	0	0	0	0	0	0	0	0	0	0	0	0	0	0	4.957
40	C(C(=O)O)Cl	94.500	11.813	1	0	1	0	0	25.0	0.000	0.000	0.000	1.187	2.236	4.056	0.677	1.106	3.916	0.625	0.000	-0.424	-0.259	4.559	0.699	0.000	0.902	0.893	0.000	0.000	0.000	0.805	1.764	0.268	0.000	2.850	0.000	0.000	2.850	39.149	0.000	3.759	0.910	1.454	0.000	0.000	0.000	0.000	0.434	-1.181	-1.727	0.000	0.000	1	0	0	0	0	0	2	0	0	0	0.000	0.000	0	1	0	0	0	2	0	0	0	0	0	0	2	0	0.018
41	C(C(=O)Cl)Cl	112.940	16.134	1	0	1	0	0	14.3	0.000	0.000	0.000	1.445	2.446	3.678	0.676	1.106	3.916	1.088	0.000	-0.439	-0.255	7.628	0.422	0.000	1.159	0.000	0.000	0.000	0.000	0.631	1.638	0.000	0.000	2.850	0.000	0.000	2.850	39.149	0.000	8.298	0.000	1.714	0.000	0.000	0.000	0.000	0.468	-1.453	-1.975	0.000	0.000	1	0	0	0	0	0	2	0	0	0	0.000	0.000	0	0	0	0	1	1	0	0	0	0	0	0	1	0	0.429
42	C(F)(F)Cl	86.470	17.294	0	0	0	0	2	0.0	0.000	0.000	0.000	1.091	2.099	5.361	-1.041	1.592	0.000	0.000	0.000	-0.423	-0.153	2.885	0.532	0.000	0.000	0.000	0.000	0.000	0.000	0.899	0.000	0.000	0.000	0.000	8.430	0.000	8.430	39.149	0.000	0.000	0.000	2.035	0.000	0.000	0.000	0.000	-1.510	-1.543	0.000	0.000	0.000	1	0	0	0	0	0	0	0	0	0	0.000	0.000	0	0	0	0	0	0	0	0	0	4	0	0	0	0	1.860
43	COCCl	80.520	8.947	0	0	0	0	0	11.1	0.000	0.000	0.000	1.499	0.853	2.778	-1.045	1.089	3.132	1.103	0.000	-0.812	-0.522	7.965	0.816	0.000	1.602	0.806	0.000	0.000	0.000	1.304	0.416	1.116	10.883	4.907	0.000	11.000	4.907	0.000	0.000	4.907	0.000	0.962	0.000	0.000	0.000	0.000	0.000	-1.443	0.000	0.000	0.000	0	0	0	1	0	0	3	0	0	1	0.000	0.000	0	0	0	0	1	0	0	0	0	0	0	1	0	0	0.120
44	c1ccc(c(c1)[N](=O)[O])Cl	157.560	11.254	7	1	1	1	0	14.3	0.000	0.000	0.000	0.895	3.143	3.144	0.026	0.570	1.869	0.143	0.000	-1.842	-0.775	0.941	1.020	-0.641	1.055	1.155	2.546	0.000	0.000	0.617	0.651	1.291	6.545	0.000	39.149	0.000	0.000	45.693	0.000	6.257	0.000	0.274	-0.243	-2.000	0.000	0.000	0.000	0.000	0.000	-1.493	-2.000	0	0	0	0	2	0	4	0	0	0	0.000	0.000	0	0	0	0	1	5	0	3	0	0	4	2	0	0	3.780
45	CC(C(=O)O)Cl	108.530	9.866	1	1	1	0	0	18.2	0.000	0.000	0.000	1.169	2.567	3.685	-0.415	1.088	3.971	0.432	2.634	-0.605	-0.706	5.227	1.029	0.000	1.187	1.040	0.000	0.000	0.000	0.951	1.091	2.212	8.825	0.000	0.000	0.000	8.825	39.149	0.000	0.910	0.910	1.163	-1.562	0.000	0.000	0.000	0.434	0.000	-1.181	0.000	0.000	1	0	0	0	0	0	1	0	3	0	0.000	0.000	0	1	0	0	0	4	0	0	0	0	2	0	2	0	0.344
46	CC(C)c1ccccc1	120.210	5.724	6	1	0	0	0	0.0	0.000	0.000	0.000	1.118	0.204	1.889	-0.047	0.558	1.764	1.346	1.215	-0.600	-1.636	7.841	2.254	0.083	1.123	1.080	0.972	0.000	0.000	1.111	1.024	1.139	17.650	0.000	0.000	0.000	17.650	0.000	0.000	3.186	0.000	0.000	-0.732	-2.000	0.000	0.000	0.000	0.000	0.000	-2.000	0.000	2	0	0	0	0	7	5	0	0	0	0.000	0.000	0	0	0	0	0	0	0	0	0	0	0	0	0	0	10.620
47	C(C#N)C(=O)O	85.070	9.452	2	1	1	1	0	22.2	0.000	0.000	0.000	0.815	2.377	4.111	-0.424	0.882	2.636	0.222	2.465	-0.853	-0.276	1.898	0.634	0.000	0.990	0.524	0.931	0.000	0.000	1.145	1.879	0.052	0.000	2.535	0.000	0.000	33.594	0.000	0.000	3.444	0.910	1.916	-1.675	0.000	0.000	0.000	2.017	-0.675	-1.534	0.000	0.000	0	0	0	0	0	0	0	2	0	0	0.000	7.606	0	1	1	0	3	0	0	0	0	0	2	0	0	0	0.656
48	C(#N)Cl	61.470	20.490	1	0	0	1	0	0.0	0.000	0.000	0.000	1.186	1.085	4.204	1.442	2.042	0.000	0.000	0.000	-0.202	-0.197	0.672	0.028	0.000	0.000	0.000	0.000	0.000	0.000	0.516	0.000	0.000	0.000	0.000	0.000	0.000	31.059	39.149	0.000	0.000	0.000	2.370	0.000	0.000	0.000	0.000	-2.370	0.000	0.000	0.000	0.000	0	0	0	0	0	0	0	0	0	0	0.000	7.085	0	0	0	0	1	0	0	2	0	0	0	0	0	0	0.101
49	c1(nc(nc(n1)Cl)Cl)Cl	184.410	20.490	6	0	0	3	0	0.0	0.000	0.000	0.000	1.014	1.208	2.926	-0.048	0.595	1.903	1.585	1.585	na	-0.428	6.402	0.129	0.000	0.564	1.248	0.000	0.000	0.000	0.785	2.037	0.275	0.000	0.000	0.000	0.000	7.929	50.357	0.000	7.929	0.000	0.000	-0.347	-1.583	0.000	0.000	0.000	0.000	0.000	-2.000	0.000	0	0	0	0	0	0	0	0	0	0	0.000	0.000	0	0	0	0	6	0	0	24	0	0	0	6	0	0	5.614
50	C1CCCCC1	84.180	4.677	0	0	0	0	0	0.0	0.000	0.000	0.000	1.500	0.000	1.500	0.247	0.684	2.056	3.252	3.252	na	na	7.270	2.046	0.000	1.000	0.708	0.000	0.000	0.000	1.417	1.000	0.708	0.000	15.207	0.000	0.000	15.207	0.000	0.000	15.207	0.000	0.000	-1.000	-4.000	0.000	0.000	0.000	0.000	0.000	0.000	0.000	0	6	0	0	0	12	0	0	0	0	0.000	0.000	0	0	0	0	0	0	0	0	0	0	0	0	0	0	9.760
51	C1CCC(CC1)O	100.180	5.273	0	0	0	0	0	5.3	0.000	0.000	0.000	1.318	2.909	2.119	-0.143	0.643	2.022	1.448	1.158	-1.163	-0.527	8.417	2.057	0.570	1.056	0.771	1.133	0.000	0.000	1.381	1.052	1.142	0.000	12.673	0.000	42.683	12.673	0.000	0.000	12.673	0.000	0.000	-1.000	-3.206	0.000	0.000	0.000	0.000	0.000	0.000	0.000	0	6	0	0	0	6	1	0	4	0	0.000	0.000	0	0	2	0	2	2	0	0	0	0	2	0	0	0	1.428
52	C1CCC(=O)CC1	98.160	5.774	1	0	1	0	0	5.9	0.000	0.000	0.000	1.248	3.463	2.310	-0.144	0.643	2.022	1.294	1.294	-0.702	-0.444	7.408	1.885	0.000	1.019	0.791	1.733	0.000	0.000	1.330	1.142	1.396	0.000	12.673	0.000	0.000	12.673	0.000	0.000	17.806	0.000	0.622	-1.000	-3.206	0.000	0.000	0.000	0.000	0.000	0.000	0.000	0	5	0	0	0	6	0	4	0	0	0.000	0.000	0	0	0	0	2	2	0	0	0	0	2	0	0	0	1.103
53	C(Cl)Cl	84.930	16.986	0	0	0	0	0	0.0	0.000	0.000	0.000	2.405	0.653	3.241	1.386	2.042	0.000	0.000	0.000	na	-0.180	12.313	0.261	0.000	0.000	0.000	0.000	0.000	0.000	0.576	0.000	0.000	0.000	3.165	0.000	0.000	3.165	0.000	0.000	3.165	0.000	1.200	0.000	0.000	0.000	0.000	-1.200	0.000	0.000	0.000	0.000	1	0	0	0	0	0	0	0	0	0	0.000	0.000	0	0	0	0	0	0	0	0	0	0	0	0	0	0	1.860
54	C(CO)NCCO	105.160	5.842	0	4	0	1	0	11.1	0.000	0.000	0.000	1.170	2.149	2.929	0.253	0.666	1.730	1.333	1.565	na	-0.619	7.414	1.207	0.060	0.817	0.958	1.163	1.529	0.000	1.750	0.742	0.708	0.000	4.211	0.000	85.367	22.222	0.000	0.000	4.211	0.000	0.133	-1.247	-3.414	0.000	0.000	0.000	0.000	0.000	0.000	0.000	2	0	0	0	0	0	8	0	0	0	0.000	0.000	0	0	0	0	0	0	0	0	0	0	0	0	0	0	0.840
55	CCOCC	74.140	4.943	0	2	0	0	0	6.7	0.000	0.000	0.000	1.494	1.333	2.100	0.680	0.853	2.340	1.834	2.482	na	-0.407	5.420	1.254	0.487	0.617	1.578	0.058	0.000	0.000	2.003	1.689	0.381	17.650	9.185	0.000	11.000	26.835	0.000	0.000	9.185	0.000	0.430	0.000	0.000	0.000	0.000	0.000	0.000	-0.860	0.000	0.000	2	0	0	0	0	0	4	0	6	1	0.000	0.000	0	0	0	0	2	0	0	0	0	0	0	0	0	0	0.640
56	C(COCCO)O	106.140	6.244	0	4	0	0	0	17.6	0.000	0.000	0.000	1.105	2.086	3.071	0.255	0.666	1.730	1.412	1.652	na	-0.647	7.474	1.193	0.081	0.769	1.105	0.959	1.146	0.000	1.902	0.826	0.467	0.000	9.185	0.000	96.367	9.185	0.000	0.000	9.185	0.000	0.287	-1.247	-3.414	0.000	0.000	0.000	0.000	0.000	0.000	0.000	2	0	0	0	0	0	8	0	0	1	0.000	0.000	0	0	0	0	0	0	0	0	0	0	0	0	0	0	0.840
57	COC	46.080	5.120	0	0	0	0	0	11.1	0.000	0.000	0.000	1.225	0.750	2.500	1.414	2.042	0.000	2.298	0.000	na	-0.137	2.892	0.482	0.000	2.474	0.000	0.000	0.000	0.000	2.492	0.667	0.000	21.766	0.000	0.000	11.000	0.000	0.000	0.000	0.000	0.000	0.860	0.000	0.000	0.000	0.000	-0.860	0.000	0.000	0.000	0.000	0	0	0	2	0	0	6	0	0	1	0.000	0.000	0	0	0	0	0	0	0	0	0	0	0	0	0	0	0.030
58	COC(=O)CC(=O)OC	132.130	7.772	2	4	2	0	0	23.5	0.000	0.000	0.000	0.878	3.258	3.315	0.085	0.780	2.282	1.501	1.741	na	-0.472	7.607	1.339	-1.170	1.113	1.377	0.394	0.065	0.000	1.922	1.673	1.442	21.766	2.535	0.000	0.000	2.535	0.000	0.000	16.917	0.000	1.389	-0.567	-2.834	0.000	0.000	2.298	0.405	0.211	0.000	0.000	0	0	0	2	0	0	6	2	0	0	0.000	0.000	0	0	0	0	4	0	0	0	0	0	6	0	0	0	0.003
59	COS(=O)(=O)OC	126.150	9.704	2	2	2	0	0	30.8	0.000	0.000	0.000	1.408	2.924	3.702	0.251	1.074	4.096	1.655	2.770	na	-0.274	7.785	1.232	0.875	2.010	0.830	0.055	0.000	0.000	2.399	0.886	2.514	21.766	0.000	0.000	17.091	0.000	9.454	9.454	0.000	0.000	1.429	-1.391	-4.828	0.000	0.000	0.694	0.000	0.000	0.000	0.000	0	0	0	2	0	0	6	0	0	2	0.000	0.000	0	0	0	0	0	0	0	0	0	0	6	0	0	0	0.263
60	CSC	62.150	6.906	0	0	0	0	0	0.0	0.000	0.000	0.000	3.674	0.042	1.944	1.348	2.042	0.000	2.298	0.000	na	-0.170	7.798	1.243	0.000	1.669	0.000	0.000	0.000	0.000	0.937	2.219	0.000	14.381	0.000	0.000	0.000	0.000	0.000	0.000	32.220	0.000	2.950	0.000	0.000	0.000	0.000	-2.950	0.000	0.000	0.000	0.000	0	0	0	2	0	0	6	0	0	0	0.000	0.000	0	0	0	0	0	0	0	0	0	0	0	0	0	0	0.713
61	CS(=O)C	78.150	7.815	1	0	1	0	0	10.0	0.000	0.000	0.000	2.949	2.556	3.056	-0.996	1.592	0.000	2.083	0.000	na	-0.131	9.390	1.474	0.000	1.262	0.000	0.000	0.000	0.000	1.333	2.661	0.000	14.381	0.000	0.000	0.000	0.000	0.000	0.000	0.000	0.000	1.967	0.000	0.000	0.000	0.000	0.000	-2.950	0.000	0.000	0.000	0	0	0	2	0	0	6	0	0	0	0.000	0.000	0	0	0	0	0	0	0	0	0	0	0	0	0	0	0.101
62	CC(=O)N(C)C	87.140	5.809	1	0	1	1	0	6.7	0.000	0.000	0.000	1.093	3.069	2.778	-0.420	1.088	3.971	1.484	2.914	-1.451	-0.652	5.863	1.038	0.000	1.586	1.246	0.000	0.000	0.000	1.934	1.643	1.799	25.618	3.124	0.000	0.000	11.950	0.000	0.000	4.705	0.000	0.998	-1.562	0.000	0.000	0.000	0.555	-0.400	-0.689	0.000	0.000	1	0	0	2	0	0	6	3	0	0	0.000	0.000	0	0	0	0	2	0	0	0	0	0	2	0	0	0	0.032
63	CNC	45.100	4.510	0	0	0	1	0	0.0	0.000	0.000	0.000	1.500	0.250	2.167	1.375	2.042	0.000	2.083	0.000	na	-0.129	2.647	0.524	0.000	1.295	0.000	0.000	0.000	0.000	2.177	0.744	0.000	16.793	0.000	0.000	0.000	18.011	0.000	0.000	0.000	0.000	0.400	0.000	0.000	0.000	0.000	-0.400	0.000	0.000	0.000	0.000	0	0	0	2	0	0	6	0	0	0	0.000	0.000	0	0	0	0	0	0	0	0	0	0	0	0	0	0	0.030
64	C1COCCO1	88.120	6.294	0	0	0	0	0	14.3	0.000	0.000	0.000	1.077	1.444	2.167	0.255	0.684	2.056	2.429	2.429	na	na	7.285	1.217	0.000	0.946	1.160	0.000	0.000	0.000	1.878	1.252	0.081	0.000	18.370	0.000	22.000	18.370	0.000	0.000	18.370	0.000	0.573	-1.000	-4.000	0.000	0.000	0.860	0.000	0.000	0.000	0.000	0	0	0	0	0	0	8	0	0	2	0.000	0.000	0	0	0	0	0	0	0	0	0	0	0	0	0	0	0.224
65	CCCNCCC	101.220	4.601	0	4	0	1	0	0.0	0.000	0.000	0.000	1.561	0.785	1.786	0.250	0.666	1.730	1.705	1.908	na	-0.550	7.628	1.947	-0.006	0.890	0.773	0.311	0.222	0.000	1.732	0.931	1.251	17.650	9.280	0.000	0.000	44.942	0.000	0.000	9.280	0.000	0.133	-1.247	-3.414	0.000	0.000	0.000	0.000	0.000	0.000	0.000	2	0	0	0	0	6	4	0	4	0	0.000	0.000	0	0	2	0	0	0	1	0	0	0	0	0	0	0	2.519
66	CC(CO)OCC(C)OC	148.230	5.701	0	5	0	0	0	11.5	0.000	0.000	0.000	1.152	2.555	2.467	-0.047	0.700	1.932	1.087	0.702	-2.138	-2.708	11.577	2.199	-0.223	1.091	1.179	0.787	0.686	0.680	1.904	0.939	0.996	28.533	4.592	0.000	64.683	22.243	0.000	0.000	4.592	0.000	0.382	0.000	-2.373	0.000	0.000	0.860	0.000	0.000	-1.434	0.000	3	0	0	1	0	0	9	0	6	2	0.000	0.000	0	0	0	1	2	2	0	0	0	0	2	0	0	0	0.050
67	C(CN(CC(=O)O)CC(=O)O)N(CCN(CC(=O)O)CC(=O)O)CC(=O)O	393.400	7.868	5	16	5	3	0	20.0	0.000	0.000	0.000	0.895	3.965	3.438	na	0.667	1.823	2.353	1.832	na	-0.878	20.005	3.558	-0.024	1.271	1.093	1.346	0.706	1.797	1.575	0.982	0.410	0.000	18.951	0.000	0.000	28.324	0.000	0.000	23.501	4.549	1.107	2.115	4.631	-0.661	-2.000	2.384	2.376	2.369	1.057	0.949	0	0	0	0	0	0	18	0	0	0	0.000	0.000	0	5	0	0	0	0	0	0	0	0	0	0	0	0	2.809
68	C(CN(CC(=O)O)CC(=O)O)N(CC(=O)O)CC(=O)O	292.280	8.119	4	11	4	2	0	22.2	0.000	0.000	0.000	0.872	3.555	3.583	na	0.691	1.931	2.111	2.111	na	na	13.661	2.520	0.070	1.291	1.037	1.502	0.900	2.305	1.552	1.048	0.447	0.000	12.634	0.000	0.000	18.883	0.000	0.000	16.274	3.639	1.178	1.838	3.899	-2.000	-2.000	2.384	2.369	2.369	0.876	0.619	0	0	0	0	0	0	12	0	0	0	0.000	0.000	0	4	0	0	0	0	0	0	0	0	0	0	0	0	1.845
69	C1C(O1)CCl	92.530	9.253	0	0	0	0	0	10.0	7.833	0.000	0.000	1.286	1.226	2.389	-0.419	0.870	2.983	0.400	2.061	-0.467	-0.582	6.721	1.043	0.000	0.909	0.791	0.000	0.000	0.000	1.038	0.897	1.239	0.000	7.442	0.000	11.000	7.442	39.149	0.000	7.442	0.000	0.344	-1.776	0.000	0.000	0.000	0.000	0.000	0.000	0.000	0.000	1	1	0	0	0	0	5	0	0	1	0.000	0.000	0	0	0	0	0	1	0	0	0	0	0	1	1	0	0.166
70	CCOC(=O)C	88.120	6.294	1	2	1	0	0	14.3	0.000	0.000	0.000	1.142	2.822	2.944	-0.425	0.882	2.636	0.822	1.638	-0.516	-0.251	5.775	1.168	0.721	0.642	1.722	0.846	0.000	0.000	1.881	1.633	1.555	17.650	4.592	0.000	0.000	22.243	0.000	0.000	11.784	0.000	1.092	-1.675	0.000	0.000	0.000	0.286	0.000	-0.998	0.000	0.000	2	0	0	0	0	0	2	3	3	0	0.000	0.000	0	0	0	0	3	0	0	0	0	0	1	0	0	0	0.344
71	CCc1ccccc1	106.180	5.899	6	1	0	0	0	0.0	0.000	0.000	0.000	1.114	0.162	1.896	0.084	0.573	1.782	0.973	0.820	-0.469	-0.857	6.514	1.894	0.200	1.009	1.211	0.877	0.000	0.000	1.062	0.943	1.268	8.825	2.535	0.000	0.000	11.360	0.000	0.000	5.720	0.000	0.000	-0.757	-2.347	0.000	0.000	0.000	0.000	0.000	0.000	0.000	1	0	0	0	0	5	5	0	0	0	0.000	0.000	0	0	0	0	0	0	0	0	0	0	0	0	0	0	8.653
72	CCN	45.100	4.510	0	0	0	1	0	0.0	0.000	0.000	0.000	1.673	0.847	2.500	1.357	2.042	0.000	1.208	0.000	-0.438	-0.178	2.653	0.645	0.000	0.579	0.000	0.000	0.000	0.000	1.794	1.058	0.000	8.825	35.003	0.000	0.000	43.828	0.000	0.000	2.106	0.000	0.000	0.000	0.000	0.000	0.000	0.000	0.000	0.000	0.000	0.000	2	0	0	0	0	0	2	0	3	0	0.000	0.000	0	0	1	0	0	0	0	0	0	0	0	0	0	0	0.030
73	C(CBr)Br	187.860	23.482	0	0	0	0	0	0.0	0.000	0.000	0.000	3.277	0.451	2.125	-1.003	1.089	3.132	2.000	0.000	na	na	58.286	0.482	0.000	1.000	0.000	0.000	0.000	0.000	0.526	1.164	0.000	0.000	4.808	91.908	0.000	4.808	0.000	0.000	4.808	0.000	0.000	0.000	0.000	0.000	0.000	0.000	0.000	0.000	0.000	0.000	2	0	0	0	0	0	4	0	0	0	0.000	0.000	0	0	0	0	0	0	0	0	0	0	0	0	0	0	4.957
74	C1COC(=O)O1	88.070	8.807	1	0	1	0	0	30.0	0.000	12.467	0.000	0.845	2.799	3.111	0.256	0.793	2.803	1.200	1.532	-0.591	-0.355	4.628	0.787	0.000	1.044	0.946	0.000	0.000	0.000	1.851	0.840	4.850	0.000	9.185	0.000	0.000	9.185	0.000	0.000	18.434	0.000	1.070	-1.618	-4.372	0.000	0.000	0.532	0.000	0.000	0.000	0.000	0	0	0	0	0	0	4	0	0	0	0.000	0.000	0	0	0	0	0	0	0	0	0	0	2	0	0	0	0.474
75	C(CCl)Cl	98.960	12.370	0	0	0	0	0	0.0	0.000	0.000	0.000	2.104	0.943	2.806	-1.014	1.089	3.132	2.000	0.000	na	na	9.289	0.676	0.000	0.865	0.000	0.000	0.000	0.000	0.718	1.129	0.000	0.000	5.699	0.000	0.000	5.699	78.297	0.000	5.699	0.000	0.000	0.000	0.000	0.000	0.000	0.000	0.000	0.000	0.000	0.000	2	0	0	0	0	0	4	0	0	0	0.000	0.000	0	0	0	0	0	0	0	0	0	0	0	0	0	0	3.301
76	CCOCCOCC	118.200	5.373	0	5	0	0	0	9.1	0.000	0.000	0.000	1.315	1.511	2.125	-0.149	0.617	1.574	1.796	1.796	na	na	9.268	1.862	-0.094	0.723	1.463	0.918	0.091	0.046	2.008	1.481	0.474	17.650	18.370	0.000	22.000	36.020	0.000	0.000	18.370	0.000	0.491	-0.765	-2.449	0.000	0.000	0.860	0.000	0.000	0.000	0.000	2	0	0	0	0	0	8	0	6	2	0.000	0.000	0	0	0	0	2	0	0	0	0	0	0	0	0	0	0.499
77	COCCOC	90.140	5.634	0	3	0	0	0	12.5	0.000	0.000	0.000	1.136	1.157	2.333	-0.431	0.737	1.958	1.844	2.219	na	na	6.806	1.118	-0.798	1.349	1.057	1.420	0.000	0.000	2.255	1.006	0.284	21.766	9.185	0.000	22.000	9.185	0.000	0.000	9.185	0.000	0.688	-1.732	0.000	0.000	0.000	0.860	0.000	-0.860	0.000	0.000	0	0	0	2	0	0	10	0	0	2	0.000	0.000	0	0	0	0	0	0	0	0	0	0	0	0	0	0	0.007
78	CCOCCO	90.140	5.634	0	3	0	0	0	12.5	0.000	0.000	0.000	1.260	2.072	2.667	-0.425	0.737	1.958	0.672	1.172	na	-1.287	6.584	1.225	-0.005	0.696	1.304	0.677	0.000	0.000	1.952	0.924	0.475	8.825	9.185	0.000	53.683	18.010	0.000	0.000	9.185	0.000	0.344	-1.732	0.000	0.000	0.000	0.000	0.000	0.000	0.000	0.000	2	0	0	0	0	0	6	0	3	1	0.000	0.000	0	0	0	0	1	0	0	0	0	0	0	0	0	0	0.007
79	C1CO1	44.060	6.294	0	0	0	0	0	14.3	3.000	0.000	0.000	1.077	1.000	2.167	-1.021	4.500	0.000	1.429	0.000	na	na	2.647	0.608	0.000	0.000	0.000	0.000	0.000	0.000	1.733	0.000	0.000	0.000	9.185	0.000	11.000	9.185	0.000	0.000	9.185	0.000	0.573	0.000	0.000	0.000	0.000	0.000	-0.860	0.000	0.000	0.000	0	0	0	0	0	0	4	0	0	1	0.000	0.000	0	0	0	0	0	0	0	0	0	0	0	0	0	0	0.319
80	C(CN)N	60.120	5.010	0	1	0	2	0	0.0	0.000	0.000	0.000	1.316	0.903	2.750	-1.014	1.089	3.132	1.667	3.057	na	na	3.868	0.653	0.000	0.771	0.419	0.000	0.000	0.000	1.610	0.672	1.145	0.000	70.006	0.000	0.000	70.006	0.000	0.000	4.211	0.000	0.000	0.000	0.000	0.000	0.000	0.000	0.000	0.000	0.000	0.000	2	0	0	0	0	0	4	0	0	0	0.000	0.000	0	0	0	0	0	0	0	0	0	0	0	0	0	0	1.109
81	C(=O)O	46.030	9.206	1	0	1	0	0	40.0	0.000	0.000	0.000	0.741	1.361	5.000	1.456	2.042	0.000	0.929	0.000	-0.235	-0.190	1.251	0.158	0.000	0.494	0.000	0.000	0.000	0.000	1.778	1.084	0.000	0.000	0.000	0.000	0.000	0.000	0.000	0.000	0.000	7.201	1.437	0.000	0.000	0.000	0.000	-1.437	0.000	0.000	0.000	0.000	0	0	0	0	0	0	0	0	0	0	0.000	0.000	0	1	0	0	0	0	0	0	0	0	0	0	0	0	1.056
82	C(C(CO)O)O	92.110	6.579	0	2	0	0	0	21.4	0.000	0.000	0.000	1.024	2.167	3.722	-0.415	0.955	3.135	1.000	2.217	na	-0.533	5.759	0.932	0.720	1.035	0.631	0.733	0.000	0.000	1.647	0.818	1.097	0.000	0.000	0.000	128.050	0.000	0.000	0.000	0.000	0.000	0.000	-1.618	0.000	0.000	0.000	0.000	0.000	0.000	0.000	0.000	2	0	0	0	0	0	5	0	0	0	0.000	0.000	1	0	0	0	0	0	0	0	0	0	2	0	0	0	1.876
83	C(C(=O)O)N	75.080	7.508	1	1	1	1	0	20.0	0.000	0.000	0.000	0.892	2.243	4.033	0.677	1.106	3.916	0.400	2.525	-0.457	-0.251	3.418	0.517	0.000	0.933	0.746	0.000	0.000	0.000	1.423	1.160	1.766	0.000	35.003	0.000	0.000	35.003	0.000	0.000	3.016	0.910	1.267	0.000	0.000	0.000	0.000	0.159	-0.923	-1.610	0.000	0.000	1	0	0	0	0	0	2	0	0	0	0.000	0.000	0	1	0	0	0	0	0	0	0	0	0	0	0	0	11.813
84	C(=O)C=O	58.040	9.673	2	1	2	0	0	33.3	0.000	0.000	0.000	0.805	1.806	4.500	-1.053	1.089	3.132	1.528	0.000	na	na	1.246	0.452	0.000	0.462	0.000	0.000	0.000	0.000	1.488	1.089	0.000	0.000	0.000	0.000	0.000	0.000	22.848	0.000	0.000	0.000	0.000	0.000	0.000	0.000	0.000	0.000	0.000	0.000	0.000	0.000	0	0	2	0	0	0	0	0	0	0	0.000	0.000	0	0	0	0	0	0	0	0	0	0	0	0	0	0	1.705
85	C(C(F)(F)F)(F)(F)F	138.020	17.252	0	0	0	0	6	0.0	0.000	0.000	0.000	0.593	2.437	6.312	na	1.201	4.976	2.689	0.000	na	na	0.508	0.784	0.000	0.000	0.000	0.000	0.000	0.000	2.000	0.000	0.000	0.000	0.000	15.519	0.000	15.519	0.000	0.000	0.000	0.000	1.726	-1.000	-3.000	0.000	0.000	3.020	0.000	-1.510	0.000	0.000	2	0	0	0	0	0	0	0	0	0	0.000	0.000	0	0	0	0	0	0	0	0	0	0	0	0	0	0	4.957
86	c1cc(ccc1O)O	110.120	7.866	6	0	0	0	0	14.3	0.000	0.000	0.000	0.851	2.646	2.917	0.083	0.597	1.848	1.571	1.571	na	na	3.619	1.337	-1.509	1.213	1.054	0.021	0.000	0.000	0.797	1.186	1.242	0.000	0.000	0.000	0.000	0.000	0.000	0.000	0.000	0.000	0.000	-1.000	-3.000	0.000	0.000	0.000	0.000	0.000	0.000	0.000	0	0	0	0	2	0	4	0	0	0	0.000	0.000	0	0	4	0	4	4	0	0	0	0	4	0	0	0	0.798
87	c1cnc[nH]1	68.090	7.566	5	0	0	2	0	0.0	0.000	9.167	0.000	0.856	0.667	2.300	-0.429	0.920	3.125	-0.000	-0.000	na	na	2.938	0.437	0.000	1.279	0.000	0.000	0.000	0.000	1.197	1.217	0.000	0.000	0.000	0.000	0.000	34.452	16.786	0.000	0.000	0.000	0.000	-1.618	0.000	0.000	0.000	0.000	0.000	0.000	0.000	0.000	0	0	0	0	0	0	0	0	0	0	0.000	0.000	0	1	0	0	0	0	0	0	0	0	0	0	0	0	0.134
88	CC(C)COC(=O)C	116.180	5.809	1	3	1	0	0	10.0	0.000	0.000	0.000	1.183	3.126	2.625	-0.146	0.755	2.125	1.213	1.645	-0.849	-0.656	8.264	1.867	-0.775	1.273	0.539	0.704	0.000	0.000	1.755	1.200	0.942	26.476	4.592	0.000	0.000	31.068	0.000	0.000	11.784	0.000	0.780	-1.000	-2.606	0.000	0.000	0.286	0.000	0.000	0.000	0.000	3	0	0	0	0	6	2	3	1	0	0.000	0.000	0	0	0	0	3	2	0	0	0	0	3	0	0	0	1.886
89	CCCC(C)C	86.200	4.310	0	2	0	0	0	0.0	0.000	0.000	0.000	1.662	0.253	1.722	-0.412	0.882	2.636	1.313	2.294	-0.671	-0.246	6.409	2.067	0.429	1.206	0.704	1.005	0.000	0.000	1.667	1.238	0.540	26.476	5.069	0.000	0.000	31.545	0.000	0.000	5.069	0.000	0.000	-1.675	0.000	0.000	0.000	0.000	0.000	0.000	0.000	0.000	3	0	0	0	0	14	0	0	0	0	0.000	0.000	0	0	0	0	0	0	0	0	0	0	0	0	0	0	12.363
90	CC(C)O	60.110	5.009	0	0	0	0	0	8.3	0.000	0.000	0.000	1.413	2.056	2.833	-1.000	1.592	0.000	1.758	0.000	na	-0.120	4.124	0.991	0.000	1.174	0.000	0.000	0.000	0.000	1.768	1.829	0.000	17.650	0.000	0.000	42.683	17.650	0.000	0.000	0.000	0.000	0.000	0.000	0.000	0.000	0.000	0.000	0.000	0.000	0.000	0.000	2	0	0	0	0	0	1	0	6	0	0.000	0.000	0	0	2	0	2	0	0	0	0	0	0	0	0	0	0.120
91	CC(C)OC(=O)C	102.150	6.009	1	2	1	0	0	11.8	0.000	0.000	0.000	1.149	3.032	2.786	0.252	0.875	2.672	1.310	2.031	-0.789	-0.213	7.047	1.519	0.675	0.926	1.025	1.433	0.000	0.000	1.805	1.533	0.819	26.476	0.000	0.000	0.000	26.476	0.000	0.000	7.191	0.000	0.910	-1.000	-4.772	0.000	0.000	0.286	0.000	0.000	0.000	0.000	3	0	0	0	0	0	1	3	6	0	0.000	0.000	0	0	0	0	4	0	0	0	0	0	1	0	0	0	0.991
92	CC(C)N	59.130	4.548	0	0	0	1	0	0.0	0.000	0.000	0.000	1.488	1.111	2.333	-0.997	1.592	0.000	1.785	0.000	na	-0.122	4.035	1.001	0.000	1.316	0.000	0.000	0.000	0.000	1.692	1.793	0.000	17.650	32.897	0.000	0.000	50.548	0.000	0.000	0.000	0.000	0.000	0.000	0.000	0.000	0.000	0.000	0.000	0.000	0.000	0.000	2	0	0	0	0	0	1	0	6	0	0.000	0.000	0	0	2	0	0	0	0	0	0	0	0	0	0	0	0.120
93	CC(C(=O)O)O	90.090	7.508	1	1	1	0	0	25.0	0.000	0.000	0.000	0.931	2.449	4.000	-0.414	1.088	3.971	0.396	2.487	-0.618	-0.684	4.381	0.875	0.000	1.081	0.791	0.000	0.000	0.000	1.511	0.985	1.752	8.825	0.000	0.000	42.683	8.825	0.000	0.000	0.910	0.910	1.080	-1.562	0.000	0.000	0.000	0.288	0.000	-1.052	0.000	0.000	1	0	0	0	0	0	1	0	3	0	0.000	0.000	0	1	1	0	1	2	0	0	0	0	2	0	0	0	0.494
94	C1=CC(=O)OC1=O	98.060	10.896	3	0	3	0	0	33.3	0.000	15.767	0.000	0.740	2.924	3.548	-0.147	0.706	2.393	0.889	0.889	na	na	0.850	0.787	0.000	1.114	0.748	0.000	0.000	0.000	1.174	1.527	2.096	0.000	0.000	0.000	0.000	0.000	18.952	0.000	14.383	0.000	0.857	-1.000	-4.473	0.000	0.000	1.070	0.000	0.000	0.000	0.000	0	0	4	0	0	0	2	0	0	0	0.000	0.000	0	0	0	0	4	2	0	0	0	0	4	0	0	0	0.252
95	c1(nc(nc(n1)N)N)N	126.150	8.410	6	0	0	6	0	0.0	0.000	0.000	0.000	0.736	1.137	2.889	-0.048	0.595	1.903	1.985	1.985	na	-0.450	4.473	0.112	1.478	0.882	1.935	2.236	0.000	0.000	0.981	1.361	0.154	0.000	0.000	0.000	0.000	5.697	50.357	0.000	5.697	0.000	0.000	-0.347	-1.583	0.000	0.000	0.000	0.000	0.000	-2.000	0.000	0	0	0	0	0	0	0	0	0	0	0.000	0.000	3	6	0	0	0	0	0	0	0	0	0	0	0	0	0.000
96	NN	32.060	5.343	0	0	0	2	0	0.0	0.000	0.000	0.000	1.000	0.000	4.000	-1.498	0.000	0.000	2.195	0.000	na	na	1.302	0.080	0.000	0.000	0.000	0.000	0.000	0.000	1.500	0.000	0.000	0.000	0.000	0.000	0.000	0.000	0.000	0.000	0.000	0.000	0.000	0.000	0.000	0.000	0.000	0.000	0.000	0.000	0.000	0.000	0	0	0	0	0	0	0	0	0	0	0.000	0.000	0	0	0	0	0	0	0	0	0	0	0	0	0	0	4.523
97	CC(=C)C(=O)O	86.100	7.175	2	1	2	0	0	16.7	0.000	0.000	0.000	0.919	2.600	3.556	-0.418	1.088	3.971	0.563	2.355	-0.803	-0.777	3.912	1.067	0.000	1.663	0.710	0.000	0.000	0.000	1.297	0.862	2.003	8.825	15.767	0.000	0.000	8.825	0.000	0.000	4.095	0.910	0.575	-1.562	0.000	0.000	0.000	0.000	0.000	0.000	0.000	0.000	1	0	3	0	0	3	2	0	0	0	3.155	0.000	0	1	1	0	2	4	0	0	0	0	4	0	0	0	0.229
98	CS(=O)(=O)O	96.120	10.680	2	0	2	0	0	33.3	0.000	0.000	0.000	2.079	2.187	4.583	0.649	1.553	0.000	1.103	0.000	-0.379	-0.096	8.417	1.203	0.000	0.930	0.000	0.000	0.000	0.000	1.934	1.946	0.000	7.190	0.000	0.000	39.096	0.000	1.339	1.339	0.000	1.339	1.462	0.000	0.000	0.000	0.000	0.000	0.000	-2.925	0.000	0.000	0	0	0	1	0	0	3	0	0	0	0.000	0.000	0	2	0	0	0	0	0	0	0	0	0	0	0	0	2.449
99	CO	32.050	5.342	0	0	0	0	0	16.7	0.000	0.000	0.000	1.342	1.000	4.000	-1.498	0.000	0.000	1.654	0.000	-0.226	-0.235	1.551	0.200	0.000	0.000	0.000	0.000	0.000	0.000	2.353	0.000	0.000	4.602	0.000	0.000	42.683	0.000	0.000	0.000	0.000	0.000	0.000	0.000	0.000	0.000	0.000	0.000	0.000	0.000	0.000	0.000	1	0	0	1	0	0	3	0	0	0	0.000	0.000	0	0	0	0	0	0	0	0	0	0	0	0	0	0	0.663
100	COC(=O)C=C	86.100	7.175	2	2	2	0	0	16.7	0.000	0.000	0.000	0.908	2.840	3.194	-0.428	0.955	3.135	0.563	1.758	-0.786	-0.631	4.468	1.021	0.956	1.060	1.227	0.051	0.000	0.000	1.645	1.059	2.643	10.883	15.767	0.000	0.000	0.000	9.476	0.000	7.191	0.000	0.670	-1.618	0.000	0.000	0.000	0.000	0.000	0.000	0.000	0.000	0	0	3	1	0	0	6	0	0	0	3.157	0.000	0	0	0	0	2	2	0	0	0	0	3	0	0	0	0.229
101	CCC(=O)C	72.120	5.548	1	1	1	0	0	7.7	0.000	0.000	0.000	1.324	2.812	2.833	0.668	1.106	3.916	0.885	2.724	-0.444	-0.254	4.548	1.253	0.000	1.046	1.041	0.000	0.000	0.000	1.620	1.853	1.415	17.650	2.535	0.000	0.000	20.185	0.000	0.000	7.668	0.000	1.089	0.000	0.000	0.000	0.000	0.000	-0.680	-1.498	0.000	0.000	2	0	0	0	0	3	0	5	0	0	0.000	0.000	0	0	0	0	2	1	0	0	0	0	1	0	0	0	0.429
102	COC=O	60.060	7.507	1	1	1	0	0	25.0	0.000	0.000	0.000	0.880	1.951	3.625	-1.065	1.089	3.132	0.969	0.000	-0.376	-0.690	3.431	0.442	0.000	2.003	0.453	0.000	0.000	0.000	2.256	0.666	2.068	10.883	0.000	0.000	0.000	0.000	0.000	0.000	0.000	0.000	1.116	0.000	0.000	0.000	0.000	0.000	-1.674	0.000	0.000	0.000	0	0	0	1	0	0	3	0	0	0	0.000	0.000	0	0	0	0	0	0	0	0	0	0	1	0	0	0	0.149
103	CI	141.940	28.388	0	0	0	0	0	0.0	0.000	0.000	0.000	7.606	0.030	2.060	-1.390	0.000	0.000	0.000	0.000	-0.319	-0.327	71.685	0.144	0.000	0.000	0.000	0.000	0.000	0.000	0.501	0.000	0.000	7.299	0.000	56.782	0.000	0.000	0.000	0.000	0.000	0.000	0.000	0.000	0.000	0.000	0.000	0.000	0.000	0.000	0.000	0.000	1	0	0	1	0	0	3	0	0	0	0.000	0.000	0	0	0	0	0	0	0	0	0	0	0	0	0	0	1.860
104	CC(C)(C)OC	88.170	4.898	0	1	0	0	0	5.6	0.000	0.000	0.000	1.267	1.437	2.125	-0.417	1.203	5.184	2.113	3.239	-0.834	-0.165	6.926	1.617	0.000	1.732	0.938	0.000	0.000	0.000	1.904	2.464	0.437	37.359	0.000	0.000	11.000	26.476	0.000	0.000	0.000	0.000	0.344	-1.514	0.000	0.000	0.000	0.000	0.000	0.000	0.000	0.000	3	0	0	1	0	0	3	0	9	1	0.000	0.000	0	0	0	0	3	0	0	0	0	0	0	0	0	0	1.463
105	COCCC(=O)OC	118.150	6.564	1	4	1	0	0	16.7	0.000	0.000	0.000	1.014	3.268	2.833	-0.149	0.734	2.049	0.751	0.982	-0.746	-0.618	8.178	1.421	-0.399	1.191	1.127	0.372	0.083	0.000	2.013	1.367	1.679	21.766	7.127	0.000	11.000	7.127	0.000	0.000	14.318	0.000	1.025	-1.000	-2.906	0.000	0.000	0.860	0.286	0.000	0.000	0.000	0	0	0	2	0	0	8	2	0	1	0.000	0.000	0	0	0	0	3	0	0	0	0	0	4	0	0	0	0.026
106	CN	31.070	4.439	0	0	0	1	0	0.0	0.000	0.000	0.000	1.732	0.500	3.000	-1.445	0.000	0.000	1.767	0.000	-0.198	-0.206	1.368	0.273	0.000	0.000	0.000	0.000	0.000	0.000	2.095	0.000	0.000	8.396	32.897	0.000	0.000	32.897	0.000	0.000	0.000	0.000	0.000	0.000	0.000	0.000	0.000	0.000	0.000	0.000	0.000	0.000	1	0	0	1	0	0	3	0	0	0	0.000	0.000	0	0	0	0	0	0	0	0	0	0	0	0	0	0	0.663
107	CCl	50.490	10.098	0	0	0	0	0	0.0	0.000	0.000	0.000	3.402	0.528	3.056	-1.448	0.000	0.000	0.000	0.000	-0.254	-0.263	6.510	0.469	0.000	0.000	0.000	0.000	0.000	0.000	0.884	0.000	0.000	9.140	0.000	0.000	0.000	0.000	39.149	0.000	0.000	0.000	0.000	0.000	0.000	0.000	0.000	0.000	0.000	0.000	0.000	0.000	1	0	0	1	0	0	3	0	0	0	0.000	0.000	0	0	0	0	0	0	0	0	0	0	0	0	0	0	0.713
108	CC1CCCCC1	98.210	4.677	0	0	0	0	0	0.0	0.000	0.000	0.000	1.455	0.360	1.548	-0.144	0.643	2.022	1.536	1.274	-1.359	-0.495	8.575	2.386	0.500	1.143	0.833	0.397	0.000	0.000	1.429	1.101	0.916	8.825	12.673	0.000	0.000	21.498	0.000	0.000	12.673	0.000	0.000	-1.000	-3.206	0.000	0.000	0.000	0.000	0.000	0.000	0.000	1	5	0	0	0	14	0	0	0	0	0.000	0.000	0	0	0	0	0	0	0	0	0	0	0	0	0	0	12.092
109	CN1CCCC1=O	99.150	6.197	1	0	1	1	0	6.3	0.000	15.767	0.000	1.091	3.500	2.452	-0.145	0.741	2.704	0.672	0.672	-0.749	-0.793	7.341	1.368	0.000	1.213	1.045	0.000	0.000	0.000	1.559	1.105	2.185	8.396	10.299	0.000	0.000	10.299	0.000	0.000	11.879	0.000	0.713	-1.191	-4.183	0.000	0.000	0.555	0.000	0.000	0.000	0.000	0	2	0	1	0	0	5	2	2	0	0.000	0.000	0	0	0	0	3	1	0	0	0	0	3	0	0	0	0.039
110	CN(C)C=O	73.110	6.093	1	0	1	1	0	8.3	0.000	0.000	0.000	1.041	2.431	3.000	0.683	1.106	3.916	1.758	0.000	-0.613	-0.309	4.648	0.686	0.000	2.140	0.257	0.000	0.000	0.000	2.073	0.695	1.786	16.793	3.124	0.000	0.000	3.124	0.000	0.000	0.000	0.000	0.746	0.000	0.000	0.000	0.000	0.293	-0.400	-1.093	0.000	0.000	0	0	0	2	0	0	6	0	0	0	0.000	0.000	0	0	0	0	0	0	0	0	0	0	2	0	0	0	0.074
111	c1ccc2c(c1)cccc2S(=O)(=O)O	208.250	9.466	13	1	2	0	0	13.6	0.000	0.000	49.202	1.096	4.002	2.851	na	0.414	1.343	0.705	0.091	-1.277	-0.971	6.072	2.565	-0.184	0.975	1.154	1.486	1.549	0.000	1.214	0.686	0.985	0.000	0.000	0.000	39.096	0.000	1.339	1.339	6.697	1.339	0.390	1.260	1.775	-3.000	-6.106	0.000	0.000	0.000	-0.618	-0.742	0	0	0	0	1	0	7	0	0	0	0.000	0.000	0	2	0	1	0	6	0	0	0	0	6	0	0	0	3.905
112	c1ccc(cc1)[N](=O)[O]	123.120	8.794	7	1	1	1	0	14.3	0.000	0.000	0.000	0.833	3.006	3.074	-0.047	0.558	1.764	0.768	0.571	-1.992	-1.253	3.079	1.153	-1.583	1.109	0.960	2.607	0.000	0.000	0.842	0.539	1.520	6.545	0.000	0.000	0.000	0.000	6.545	0.000	2.757	0.000	0.304	-0.732	-2.000	0.000	0.000	0.000	0.000	0.000	-2.000	0.000	0	0	0	0	1	0	5	0	0	0	0.000	0.000	0	0	0	0	2	6	0	0	0	0	4	0	0	0	1.750
113	c1ccc(c(c1)N)O	109.140	7.276	6	0	0	1	0	6.7	0.000	0.000	0.000	0.877	2.794	2.667	0.083	0.633	2.091	0.267	0.133	-0.971	-1.869	4.481	1.256	1.110	1.210	1.163	0.661	0.000	0.000	0.764	0.847	1.682	0.000	0.000	0.000	0.000	0.000	0.000	0.000	2.757	0.000	0.000	-0.732	-3.451	0.000	0.000	0.000	0.000	0.000	0.000	0.000	0	0	0	0	2	0	4	0	0	0	0.000	0.000	0	0	2	0	1	2	0	0	0	0	2	0	0	0	1.972
114	c1ccc(c(c1)C=O)Cl	140.570	10.041	7	1	1	0	0	7.1	0.000	0.000	0.000	0.973	3.143	2.716	-0.047	0.582	1.894	0.143	0.000	-0.804	-1.039	2.473	1.062	0.174	1.029	1.299	1.981	0.000	0.000	0.730	0.640	1.268	0.000	0.000	39.149	0.000	0.000	50.573	0.000	6.686	0.000	0.000	-0.316	-1.880	0.000	0.000	0.000	0.000	0.000	-2.000	0.000	0	0	1	0	1	0	4	0	0	0	0.000	0.000	0	0	0	0	1	1	0	0	0	0	2	3	0	0	5.618
115	Cc1ccccc1Cl	126.590	8.439	6	0	0	0	0	0.0	0.000	0.000	0.000	1.085	1.598	2.181	0.084	0.633	2.091	0.450	0.317	-0.737	-1.607	5.215	1.324	0.687	1.095	1.384	0.743	0.000	0.000	0.788	0.926	1.932	8.825	0.000	39.149	0.000	8.825	39.149	0.000	6.686	0.000	0.000	-0.732	-3.451	0.000	0.000	0.000	0.000	0.000	0.000	0.000	1	0	0	0	1	3	4	0	0	0	0.000	0.000	0	0	0	0	0	0	0	0	0	0	0	3	0	0	10.302
116	Cc1ccccc1O	108.150	6.759	6	0	0	0	0	6.3	0.000	0.000	0.000	0.957	2.919	2.417	0.084	0.633	2.091	0.422	0.297	-0.753	-1.503	5.401	1.615	0.974	1.228	1.215	0.519	0.000	0.000	0.949	0.970	1.815	8.825	0.000	0.000	0.000	8.825	0.000	0.000	3.186	0.000	0.000	-0.732	-3.451	0.000	0.000	0.000	0.000	0.000	0.000	0.000	1	0	0	0	1	3	4	0	0	0	0.000	0.000	0	0	2	0	2	3	0	0	0	0	3	0	0	0	3.456
117	c1ccc(c(c1)[N](=O)[O])O	139.120	9.275	7	1	1	1	0	20.0	0.000	0.000	0.000	0.792	3.067	3.333	0.026	0.570	1.869	0.133	0.000	-1.773	-0.783	2.725	1.228	-0.394	1.126	1.030	2.068	0.000	0.000	0.784	0.733	1.086	6.545	0.000	0.000	0.000	0.000	6.545	0.000	2.757	0.000	0.274	-0.243	-2.000	0.000	0.000	0.000	0.000	0.000	-1.494	-2.000	0	0	0	0	2	0	4	0	0	0	0.000	0.000	0	0	1	0	2	6	0	0	0	0	6	0	0	0	0.613
118	NN	32.060	5.343	0	0	0	2	0	0.0	0.000	0.000	0.000	1.000	0.000	4.000	-1.498	0.000	0.000	2.195	0.000	na	na	1.302	0.080	0.000	0.000	0.000	0.000	0.000	0.000	1.500	0.000	0.000	0.000	0.000	0.000	0.000	0.000	0.000	0.000	0.000	0.000	0.000	0.000	0.000	0.000	0.000	0.000	0.000	0.000	0.000	0.000	0	0	0	0	0	0	0	0	0	0	0.000	0.000	0	0	0	0	0	0	0	0	0	0	0	0	0	0	4.523
119	c1cc(ccc1O)Cl	128.560	9.889	6	0	0	0	0	7.7	0.000	0.000	0.000	0.979	2.698	2.681	0.084	0.597	1.848	0.615	0.615	-1.545	-1.955	2.293	1.092	-2.654	1.170	1.167	0.038	0.000	0.000	0.633	1.200	1.463	0.000	0.000	39.149	0.000	0.000	39.149	0.000	3.501	0.000	0.000	-1.000	-3.000	0.000	0.000	0.000	0.000	0.000	0.000	0.000	0	0	0	0	2	0	4	0	0	0	0.000	0.000	0	0	2	0	2	2	0	0	0	0	2	2	0	0	4.525
120	c1cc(ccc1[N](=O)[O])O	139.120	9.275	7	1	1	1	0	20.0	0.000	0.000	0.000	0.790	3.036	3.333	0.026	0.525	1.597	0.533	0.533	-1.441	-0.827	2.725	1.228	0.471	1.204	1.062	1.553	3.296	0.000	0.784	0.747	1.405	6.545	0.000	0.000	0.000	0.000	6.545	0.000	2.757	0.000	0.274	-0.235	-2.000	0.000	0.000	0.000	0.000	0.000	-1.544	-2.000	0	0	0	0	2	0	4	0	0	0	0.000	0.000	0	0	2	0	4	8	0	0	0	0	6	0	0	0	0.613
121	Cc1ccc(cc1)[N](=O)[O]	137.150	8.068	7	1	1	1	0	11.8	0.000	0.000	0.000	0.873	3.118	2.933	0.026	0.525	1.597	0.750	0.750	-1.142	-0.798	5.215	1.505	-0.348	1.290	1.066	1.479	4.684	0.000	0.942	0.525	1.135	15.370	0.000	0.000	0.000	8.825	6.545	0.000	5.942	0.000	0.274	-0.235	-2.000	0.000	0.000	0.000	0.000	0.000	-1.550	-2.000	1	0	0	0	1	3	4	0	0	0	0.000	0.000	0	0	0	0	2	6	0	0	0	0	4	0	0	0	2.810
122	c1cc(ccc1N)N	108.160	6.760	6	0	0	2	0	0.0	0.000	0.000	0.000	0.900	1.371	2.417	0.084	0.597	1.848	1.750	1.750	na	na	5.172	1.170	-1.247	1.335	1.063	0.088	0.000	0.000	0.732	1.145	1.061	0.000	0.000	0.000	0.000	0.000	0.000	0.000	5.513	0.000	0.000	-1.000	-3.000	0.000	0.000	0.000	0.000	0.000	0.000	0.000	0	0	0	0	2	0	4	0	0	0	0.000	0.000	0	0	4	0	0	0	0	0	0	0	0	0	0	0	0.798
123	C(C(CO)(CO)CO)O	136.170	6.484	0	4	0	0	0	19.0	0.000	0.000	0.000	1.005	2.497	3.472	0.081	0.998	3.634	2.286	2.951	na	-0.719	8.965	1.647	0.720	1.609	0.825	1.097	0.000	0.000	1.538	0.670	1.179	0.000	0.000	0.000	170.733	0.000	0.000	0.000	0.000	0.000	0.000	-0.303	-4.828	0.000	0.000	0.000	0.000	0.000	0.000	0.000	4	0	0	0	0	0	8	0	0	0	0.000	0.000	6	0	4	0	4	0	0	0	0	0	12	0	0	0	1.729
124	CCCCC	72.170	4.245	0	2	0	0	0	0.0	0.000	0.000	0.000	1.811	0.212	1.700	0.662	0.853	2.340	1.736	2.703	na	-0.382	5.042	1.720	0.417	0.881	0.840	0.756	0.000	0.000	1.700	0.767	0.803	17.650	7.604	0.000	0.000	25.254	0.000	0.000	7.604	0.000	0.000	0.000	0.000	0.000	0.000	0.000	0.000	0.000	0.000	0.000	2	0	0	0	0	12	0	0	0	0	0.000	0.000	0	0	0	0	0	0	0	0	0	0	0	0	0	0	9.850
125	C(C(C(F)(F)F)(F)F)(C(C(F)(F)F)(F)F)(F)F	288.050	16.944	0	2	0	0	12	0.0	0.000	0.000	0.000	0.613	4.031	6.015	na	1.069	3.667	1.736	2.703	na	-1.415	2.036	2.085	0.417	0.881	0.840	0.756	0.000	0.000	1.700	0.881	0.840	0.000	0.000	15.519	0.000	15.519	0.000	0.000	0.000	0.000	1.321	1.228	-3.000	-3.000	-6.542	3.020	1.510	1.510	0.510	0.510	2	0	0	0	0	0	0	0	0	0	0.000	0.000	0	0	0	0	0	0	0	0	0	0	0	0	0	0	17.665
126	c1ccc(cc1)O	94.120	7.240	6	0	0	0	0	7.7	0.000	0.000	0.000	0.915	2.632	2.524	-0.147	0.643	2.022	0.827	0.615	-0.827	-0.579	3.792	1.257	1.131	1.130	0.984	1.193	0.000	0.000	0.853	1.118	1.252	0.000	0.000	0.000	0.000	0.000	0.000	0.000	0.000	0.000	0.000	-1.000	-3.206	0.000	0.000	0.000	0.000	0.000	0.000	0.000	0	0	0	0	1	0	5	0	0	0	0.000	0.000	0	0	2	0	2	2	0	0	0	0	2	0	0	0	2.268
127	c1ccc(cc1)CC(=O)O	136.160	7.564	7	2	1	0	0	11.1	0.000	0.000	0.000	0.914	3.169	2.783	0.026	0.486	1.435	0.709	0.556	-0.764	-0.701	5.574	1.769	-0.133	1.158	0.995	1.689	2.135	0.000	0.950	1.079	0.514	0.000	2.535	0.000	0.000	2.535	0.000	0.000	6.630	0.910	0.528	-0.152	-2.000	0.000	0.000	0.242	0.000	0.000	-1.404	-2.000	0	0	0	0	0	0	5	2	0	0	0.000	0.000	0	1	1	1	2	2	0	0	0	0	2	0	0	0	3.117
128	c1ccc(cc1)N=C=O	119.130	8.509	8	1	2	1	0	7.1	0.000	0.000	0.000	0.854	2.683	2.685	-0.048	0.507	1.506	0.768	0.571	-1.473	-0.830	2.967	1.096	-0.868	1.044	1.026	2.504	6.575	0.000	0.963	0.415	0.791	0.000	0.000	0.000	0.000	16.786	0.000	0.000	2.757	0.000	0.353	-0.287	-1.828	0.000	0.000	0.000	0.000	0.000	-2.000	0.000	0	0	0	0	1	0	5	0	0	0	0.000	0.000	0	0	0	0	2	2	0	0	0	0	1	0	0	0	2.605
129	C(=O)(Cl)Cl	98.910	24.727	1	0	1	0	0	25.0	0.000	0.000	0.000	1.338	1.975	4.222	-1.037	1.592	0.000	0.000	0.000	na	-0.133	2.095	0.018	0.000	0.000	0.000	0.000	0.000	0.000	0.501	0.000	0.000	0.000	0.000	0.000	0.000	0.000	0.000	0.000	5.764	0.000	2.049	0.000	0.000	0.000	0.000	-1.200	-1.874	0.000	0.000	0.000	0	0	0	0	0	0	0	0	0	0	0.000	0.000	0	0	0	0	2	0	0	0	0	0	0	0	0	0	0.041
130	P(Cl)(Cl)Cl	137.320	34.330	0	0	0	0	0	0.0	0.000	0.000	0.000	4.564	0.759	3.352	-1.007	1.592	0.000	0.000	0.000	na	-0.134	0.026	0.382	0.000	0.000	0.000	0.000	0.000	0.000	2.000	0.000	0.000	0.000	21.747	0.000	0.000	0.000	0.000	0.000	0.000	0.000	0.000	0.000	0.000	0.000	0.000	0.000	0.000	0.000	0.000	0.000	0	0	0	0	0	0	0	0	0	0	0.000	0.000	0	0	0	0	0	0	0	0	0	0	0	0	0	0	1.860
131	P(Cl)(Cl)(Cl)(Cl)Cl	208.220	34.703	0	0	0	0	0	0.0	0.000	0.000	0.000	4.564	0.867	3.533	-0.392	1.601	0.000	0.000	0.000	na	-0.051	0.039	0.471	0.000	0.000	0.000	0.000	0.000	0.000	3.000	0.000	0.000	0.000	0.000	0.000	0.000	0.000	0.000	0.000	0.000	0.000	0.000	-1.000	0.000	0.000	0.000	0.000	0.000	0.000	0.000	0.000	0	0	0	0	0	0	0	0	0	0	0.000	0.000	0	0	0	0	0	0	0	0	0	0	0	0	0	0	4.957
132	O=P(Cl)(Cl)Cl	153.320	30.664	1	0	1	0	0	20.0	0.000	0.000	0.000	3.834	2.512	4.028	0.650	1.553	0.000	0.000	0.000	na	-0.097	1.936	0.666	0.000	0.000	0.000	0.000	0.000	0.000	1.787	0.000	0.000	0.000	0.000	0.000	0.000	0.000	8.976	8.976	0.000	0.000	0.000	0.000	0.000	0.000	0.000	0.000	0.000	0.000	0.000	0.000	0	0	0	0	0	0	0	0	0	0	0.000	0.000	0	0	0	0	3	0	0	0	0	0	0	0	0	0	0.041
133	c1ccc2c(c1)C(=O)OC2=O	148.120	9.875	8	0	2	0	0	20.0	0.000	17.220	0.000	0.786	3.833	2.924	na	0.474	1.606	0.933	0.933	-3.678	na	2.281	1.278	-1.758	1.047	1.184	2.380	0.000	0.000	0.918	0.811	1.090	0.000	0.000	0.000	0.000	0.000	0.000	0.000	20.754	0.000	0.500	0.914	-1.284	-6.144	0.000	1.070	0.000	0.000	-0.829	-1.627	0	0	2	0	0	0	4	0	0	0	0.000	0.000	0	0	0	0	4	6	0	0	0	0	8	0	0	0	4.804
134	c1ccc2c(c1)C(=NC2=O)O	147.140	9.196	8	0	2	1	0	12.5	0.000	17.220	0.000	0.801	3.928	2.788	na	0.474	1.606	0.375	0.000	-1.998	-3.057	2.948	1.318	-0.002	1.020	1.261	2.224	0.000	0.000	0.788	0.800	0.995	0.000	0.000	0.000	0.000	16.786	0.000	0.000	11.076	0.000	0.326	0.914	-1.284	-6.144	0.000	0.673	0.000	0.000	-0.895	-1.662	0	0	2	0	0	0	4	0	0	0	0.000	0.000	0	1	1	0	4	6	0	0	0	0	6	0	0	0	4.804
135	C1CCNCC1	85.170	5.010	0	0	0	1	0	0.0	0.000	0.000	0.000	1.354	0.785	1.667	0.249	0.684	2.056	1.294	1.294	-0.746	-0.950	7.279	1.596	0.000	0.995	0.718	0.000	0.000	0.000	1.488	1.007	0.681	0.000	11.815	0.000	0.000	29.826	0.000	0.000	11.815	0.000	0.133	-1.000	-4.000	0.000	0.000	0.000	0.000	0.000	0.000	0.000	0	3	0	0	0	2	4	0	4	0	0.000	0.000	0	0	2	0	0	0	0	0	0	0	0	0	0	0	0.668
136	c1ccc(cc1)/C=C(/C(=O)N)\N	162.210	7.373	8	2	2	2	0	4.5	0.000	0.000	0.000	0.880	3.533	2.667	na	0.448	1.293	0.671	0.545	-1.350	-1.219	6.639	1.744	-0.214	1.199	1.027	0.750	1.483	1.110	0.798	0.842	1.263	0.000	65.794	0.000	0.000	65.794	12.233	0.000	10.647	0.000	0.163	1.000	-0.531	-4.789	0.000	0.000	0.000	0.000	-1.000	-1.294	0	0	3	0	0	0	6	0	0	0	0.000	0.000	0	1	1	3	0	1	0	0	0	0	1	0	0	0	0.570
137	CCC=O	58.090	5.809	1	1	1	0	0	10.0	0.000	0.000	0.000	1.351	2.174	3.125	-1.022	1.089	3.132	1.008	0.000	-0.356	-0.578	3.333	0.908	0.000	0.710	0.408	0.000	0.000	0.000	1.660	0.977	2.611	8.825	2.535	0.000	0.000	11.360	11.424	0.000	2.535	0.000	0.852	0.000	0.000	0.000	0.000	0.000	-1.277	0.000	0.000	0.000	1	0	0	0	0	3	0	2	0	0	0.000	0.000	0	0	0	0	1	1	0	0	0	0	1	0	0	0	0.041
138	CCC(=O)O	74.090	6.735	1	1	1	0	0	18.2	0.000	0.000	0.000	1.116	2.368	3.633	0.673	1.106	3.916	0.614	2.634	-0.387	-0.269	4.049	0.895	0.000	0.854	0.849	0.000	0.000	0.000	1.582	1.257	2.178	8.825	2.535	0.000	0.000	11.360	0.000	0.000	3.444	0.910	1.170	0.000	0.000	0.000	0.000	0.000	-0.757	-1.584	0.000	0.000	1	0	0	0	0	3	0	2	0	0	0.000	0.000	0	1	1	0	2	2	0	0	0	0	2	0	0	0	0.018
139	CCCN	59.130	4.548	0	1	0	1	0	0.0	0.000	0.000	0.000	1.615	1.028	2.250	-1.004	1.089	3.132	0.827	2.797	-0.548	-0.535	3.874	1.001	0.000	0.830	0.556	0.000	0.000	0.000	1.692	0.736	1.352	8.825	37.537	0.000	0.000	46.363	0.000	0.000	4.640	0.000	0.000	0.000	0.000	0.000	0.000	0.000	0.000	0.000	0.000	0.000	2	0	0	0	0	3	2	0	2	0	0.000	0.000	0	0	1	0	0	0	0	0	0	0	0	0	0	0	0.120
140	CC=C	42.090	4.677	1	0	1	0	0	0.0	0.000	0.000	0.000	1.478	0.361	2.333	1.367	2.042	0.000	1.103	0.000	-0.255	-0.166	2.051	0.852	0.000	1.000	0.000	0.000	0.000	0.000	1.500	1.326	0.000	8.825	15.767	0.000	0.000	8.825	9.476	0.000	0.000	0.000	0.000	0.000	0.000	0.000	0.000	0.000	0.000	0.000	0.000	0.000	1	0	0	0	0	3	3	0	0	0	3.361	0.000	0	0	0	0	0	0	0	0	0	0	0	0	0	0	1.486
141	C[C@H](CO)O	76.110	5.855	0	1	0	0	0	15.4	0.000	0.000	0.000	1.170	2.111	3.367	0.667	1.106	3.916	0.520	2.643	-0.683	-0.267	5.095	0.963	0.000	1.094	0.403	0.000	0.000	0.000	1.706	1.048	1.035	8.825	0.000	0.000	85.367	8.825	0.000	0.000	0.000	0.000	0.000	0.000	0.000	0.000	0.000	0.000	0.000	0.000	0.000	0.000	2	0	0	0	0	0	3	0	3	0	0.000	0.000	0	0	1	0	1	1	0	0	0	0	1	0	0	0	0.285
142	CC1CO1	58.090	5.809	0	0	0	0	0	10.0	5.333	0.000	0.000	1.132	1.208	2.083	0.672	1.543	0.000	0.675	2.336	-0.360	-0.182	3.805	0.959	0.000	1.024	0.000	0.000	0.000	0.000	1.665	1.298	0.000	8.825	4.592	0.000	11.000	13.418	0.000	0.000	4.592	0.000	0.430	0.000	0.000	0.000	0.000	0.000	0.000	-0.860	0.000	0.000	1	1	0	0	0	0	3	0	3	1	0.000	0.000	0	0	0	0	1	0	0	0	0	0	0	0	0	0	0.002
143	c1c[nH]nc1	68.090	7.566	5	0	0	2	0	0.0	0.000	9.167	0.000	0.862	0.597	2.300	-0.429	0.920	3.125	-0.000	-0.000	na	-0.812	2.820	0.554	0.000	1.168	0.000	0.000	0.000	0.000	1.007	1.317	0.000	0.000	0.000	0.000	0.000	25.710	16.663	0.000	0.000	0.000	0.000	-1.618	0.000	0.000	0.000	0.000	0.000	0.000	0.000	0.000	0	0	0	0	0	0	1	0	0	0	0.000	0.000	0	0	1	0	1	0	0	0	0	0	0	0	0	0	0.134
144	C[O][Na]	54.031	9.005	0	0	0	0	0	16.7	0.000	0.000	0.000	2.449	0.889	2.315	1.407	2.042	0.000	1.654	0.000	-0.827	-0.109	2.784	38.904	0.000	3.288	0.000	0.000	0.000	0.000	0.610	0.102	0.000	10.883	0.000	0.000	0.000	0.000	0.000	0.000	0.000	0.000	0.000	0.000	0.000	0.000	0.000	0.000	0.000	0.000	0.000	0.000	1	0	0	1	0	0	3	0	0	1	0.000	0.000	0	0	0	0	0	0	0	0	0	0	0	0	0	0	0.663
145	C=Cc1ccccc1	104.160	6.510	7	1	1	0	0	0.0	0.000	0.000	0.000	0.978	0.631	2.083	0.084	0.573	1.782	0.797	0.625	-0.685	-0.969	5.033	1.534	0.250	1.034	1.172	0.882	0.000	0.000	0.937	0.715	1.220	0.000	15.767	0.000	0.000	0.000	9.476	0.000	3.186	0.000	0.000	-0.757	-2.347	0.000	0.000	0.000	0.000	0.000	0.000	0.000	0	0	2	0	0	0	8	0	0	0	3.631	0.000	0	0	0	0	0	0	0	0	0	0	0	0	0	0	8.130
146	CC(C)(C)N	73.160	4.573	0	0	0	1	0	0.0	0.000	0.000	0.000	1.342	1.354	2.250	0.655	1.553	0.000	2.455	0.000	na	-0.081	5.511	1.352	0.000	2.066	0.000	0.000	0.000	0.000	1.641	2.480	0.000	26.476	32.897	0.000	0.000	59.373	0.000	0.000	0.000	0.000	0.000	0.000	0.000	0.000	0.000	0.000	0.000	0.000	0.000	0.000	3	0	0	0	0	0	0	0	9	0	0.000	0.000	0	0	3	0	0	0	0	0	0	0	0	0	0	0	0.640
147	C(=C(Cl)Cl)(Cl)Cl	165.820	27.637	1	0	1	0	0	0.0	0.000	0.000	0.000	1.511	0.883	3.296	-0.420	1.088	3.971	2.195	0.000	na	na	4.232	0.076	0.000	0.000	0.000	0.000	0.000	0.000	1.500	0.000	0.000	0.000	0.000	0.000	0.000	0.000	0.000	0.000	7.631	0.000	0.960	-1.562	0.000	0.000	0.000	1.200	0.000	-1.200	0.000	0.000	0	0	0	0	0	0	0	0	0	0	0.000	0.000	0	0	0	0	0	0	0	0	0	0	0	0	0	0	6.047
148	CCO[Si](OCC)(OCC)OCC	208.370	6.314	0	8	0	0	0	12.1	0.000	0.000	0.000	1.608	1.923	2.207	na	0.846	2.695	2.758	2.911	na	-0.716	19.031	4.269	-0.207	1.428	2.151	2.214	0.033	0.000	2.153	1.539	2.332	35.301	18.370	0.000	0.000	53.670	0.000	0.000	18.370	0.000	0.000	0.798	-0.656	-5.544	0.000	0.000	0.000	0.000	-0.747	-1.561	4	0	0	0	0	0	8	0	12	4	0.000	0.000	0	0	0	0	4	0	6	0	0	0	12	0	0	0	0.063
149	C(C(F)(F)F)F	102.040	12.755	0	0	0	0	4	0.0	0.000	0.000	0.000	0.713	2.410	5.792	-0.401	1.203	5.184	1.594	0.000	-0.489	-0.208	3.035	0.737	0.000	0.631	0.000	0.000	0.000	0.000	1.988	1.229	0.000	0.000	8.470	7.760	0.000	16.229	0.000	0.000	8.470	0.000	1.208	-1.514	0.000	0.000	0.000	0.000	0.000	-1.510	0.000	0.000	2	0	0	0	0	0	2	0	0	0	0.000	0.000	0	0	0	0	0	0	0	0	0	0	0	0	0	0	3.301
150	C1CCOC1	72.120	5.548	0	0	0	0	0	7.7	0.000	9.167	0.000	1.246	1.444	1.900	-0.420	0.920	3.125	1.538	1.538	-0.671	na	6.131	1.305	0.000	1.056	0.000	0.000	0.000	0.000	1.627	1.054	0.000	0.000	14.254	0.000	11.000	14.254	0.000	0.000	14.254	0.000	0.344	-1.618	0.000	0.000	0.000	0.000	0.000	0.000	0.000	0.000	0	2	0	0	0	0	4	0	4	1	0.000	0.000	0	0	0	0	2	0	0	0	0	0	0	0	0	0	0.166
151	Cc1ccccc1	92.150	6.143	6	0	0	0	0	0.0	0.000	0.000	0.000	1.033	0.083	1.952	-0.147	0.643	2.022	1.034	0.850	-0.639	-0.553	5.171	1.527	0.875	1.250	1.016	0.625	0.000	0.000	1.000	1.266	1.043	8.825	0.000	0.000	0.000	8.825	0.000	0.000	3.186	0.000	0.000	-1.000	-3.206	0.000	0.000	0.000	0.000	0.000	0.000	0.000	1	0	0	0	0	3	5	0	0	0	0.000	0.000	0	0	0	0	0	0	0	0	0	0	0	0	0	0	6.802
152	C(=O)(C(Cl)(Cl)Cl)O	163.380	20.422	1	0	1	0	0	25.0	0.000	0.000	0.000	1.189	2.625	4.036	0.244	1.159	4.656	0.969	0.000	-1.188	-0.539	9.110	0.464	0.000	1.170	4.019	0.000	0.000	0.000	0.376	0.921	0.993	0.000	0.000	0.000	0.000	0.000	117.446	0.000	0.910	0.910	1.477	-1.000	-6.155	0.000	0.000	1.555	-0.830	-0.830	0.000	0.000	1	0	0	0	0	0	0	0	0	0	0.000	0.000	0	1	0	0	0	6	0	0	0	0	0	0	6	0	0.991
153	B(Cl)(Cl)Cl	117.160	29.290	0	0	0	0	0	0.0	0.000	0.000	0.000	1.964	0.694	3.417	-1.017	1.592	0.000	0.000	0.000	na	-0.154	0.789	0.131	0.000	na	na	0.000	0.000	0.000	2.000	0.000	0.000	0.000	0.000	0.000	0.000	0.000	0.000	0.000	0.000	0.000	0.000	0.000	0.000	0.000	0.000	0.000	0.000	0.000	0.000	0.000	0	0	0	0	0	0	0	0	0	0	0.000	0.000	0	0	0	0	0	0	0	0	0	0	0	0	0	0	1.860
154	C(=C(Cl)Cl)Cl	131.380	21.897	1	0	1	0	0	0.0	0.000	0.000	0.000	1.558	0.846	3.200	0.680	1.106	3.916	1.195	0.000	-0.772	-0.301	7.455	0.021	0.000	1.610	0.000	0.000	0.000	0.000	0.501	1.173	0.000	0.000	9.791	39.149	0.000	0.000	39.149	0.000	3.816	0.000	0.600	0.000	0.000	0.000	0.000	0.000	0.000	-1.200	0.000	0.000	0	0	0	0	0	0	0	0	0	0	0.000	0.000	0	0	0	0	0	0	0	0	0	0	0	0	0	0	4.332
155	C(Cl)(Cl)Cl	119.370	23.874	0	0	0	0	0	0.0	0.000	0.000	0.000	1.964	0.694	3.417	-1.017	1.592	0.000	0.000	0.000	na	-0.128	8.292	0.025	0.000	0.000	0.000	0.000	0.000	0.000	0.502	0.000	0.000	0.000	0.000	0.000	0.000	0.000	117.446	0.000	0.000	0.000	1.107	0.000	0.000	0.000	0.000	-0.830	-0.830	0.000	0.000	0.000	1	0	0	0	0	0	0	0	0	0	0.000	0.000	0	0	0	0	0	0	0	0	0	0	0	0	0	0	3.301
156	C(C(CCl)Cl)Cl	147.430	13.403	0	0	0	0	0	0.0	0.000	0.000	0.000	1.845	1.275	2.778	-0.415	0.955	3.135	1.405	0.000	na	-0.540	13.184	0.825	0.000	1.041	0.906	0.000	0.000	0.000	0.664	1.046	1.114	0.000	5.699	0.000	0.000	5.699	117.446	0.000	5.699	0.000	0.000	-1.618	0.000	0.000	0.000	0.000	0.000	0.000	0.000	0.000	2	0	0	0	0	0	5	0	0	0	0.000	0.000	0	0	0	0	0	0	0	0	0	0	0	2	0	0	6.781
157	CCN(CC)CC	101.220	4.601	0	3	0	1	0	0.0	0.000	0.000	0.000	1.535	0.375	1.786	0.250	0.899	2.933	2.434	3.029	na	-1.399	7.837	1.850	0.464	0.846	1.581	0.222	0.000	0.000	1.873	0.933	1.141	26.476	6.317	0.000	0.000	35.917	0.000	0.000	6.317	0.000	0.267	-1.618	-3.791	0.000	0.000	0.000	0.000	0.000	0.000	0.000	3	0	0	0	0	0	6	0	9	0	0.000	0.000	0	0	0	0	3	0	0	0	0	0	0	0	0	0	2.519
158	C(=O)(C(F)(F)F)O	114.030	14.254	1	0	1	0	3	25.0	0.000	0.000	0.000	0.622	2.579	5.702	0.236	1.159	4.656	0.969	0.000	-0.824	-0.833	0.971	0.602	0.000	0.893	1.355	0.000	0.000	0.000	1.635	0.306	2.347	0.000	0.000	7.760	0.000	7.760	0.000	0.000	0.910	0.910	1.963	-1.000	-6.155	0.000	0.000	1.892	-1.129	-1.510	0.000	0.000	1	0	0	0	0	0	0	0	0	0	0.000	0.000	0	1	0	0	0	0	0	0	18	0	0	0	0	0	0.134
159	C(F)(F)F	70.020	14.004	0	0	0	0	3	0.0	0.000	0.000	0.000	0.655	1.667	6.333	-1.062	1.592	0.000	0.000	0.000	na	-0.169	1.869	0.284	0.000	0.000	0.000	0.000	0.000	0.000	2.484	0.000	0.000	0.000	0.000	14.050	0.000	14.050	0.000	0.000	0.000	0.000	2.013	0.000	0.000	0.000	0.000	-1.510	-1.510	0.000	0.000	0.000	1	0	0	0	0	0	0	0	0	0	0.000	0.000	0	0	0	0	0	0	0	0	0	0	0	0	0	0	1.243
160	c1c(cc(cc1C(=O)Cl)C(=O)Cl)C(=O)Cl	265.470	14.748	9	3	3	0	0	16.7	0.000	0.000	0.000	0.959	3.852	3.289	na	0.498	1.540	1.585	1.585	na	-1.935	3.978	0.793	0.281	1.241	1.210	1.627	0.000	0.000	0.586	0.620	1.475	0.000	0.000	0.000	0.000	0.000	0.000	0.000	25.902	0.000	0.774	1.000	2.461	-2.000	-6.000	1.935	1.935	0.000	0.900	-0.524	0	0	3	0	0	0	3	0	0	0	0.000	0.000	0	0	0	0	6	6	3	0	0	0	6	6	0	9	3.789
161	B(OC)(OC)OC	103.930	6.496	0	3	0	0	0	18.8	0.000	0.000	0.000	0.966	1.104	2.548	0.260	0.899	2.933	2.377	3.080	na	-0.674	7.504	1.424	0.739	na	na	0.068	0.000	0.000	2.051	0.499	2.766	32.649	0.000	0.000	0.000	0.000	0.000	0.000	0.000	0.000	0.000	-1.618	-3.791	0.000	0.000	0.000	0.000	0.000	0.000	0.000	0	0	0	3	0	0	9	0	0	3	0.000	0.000	0	0	0	0	0	0	0	0	0	0	6	0	0	0	1.876
162	CN(C)C	59.130	4.548	0	0	0	1	0	0.0	0.000	0.000	0.000	1.342	0.000	2.000	-1.016	1.592	0.000	2.845	0.000	na	-0.092	4.028	0.779	0.000	2.486	0.000	0.000	0.000	0.000	2.225	2.167	0.000	25.189	0.000	0.000	0.000	3.124	0.000	0.000	0.000	0.000	0.533	0.000	0.000	0.000	0.000	-0.400	-0.400	0.000	0.000	0.000	0	0	0	3	0	0	9	0	0	0	0.000	0.000	0	0	0	0	0	0	0	0	0	0	0	0	0	0	0.120
163	CC(=O)OC=C	86.100	7.175	2	2	2	0	0	16.7	0.000	0.000	0.000	0.931	2.750	3.194	-0.429	0.882	2.636	0.563	1.459	-0.999	-0.249	4.260	1.021	0.956	0.659	1.611	0.762	0.000	0.000	1.645	1.910	1.033	8.825	27.301	0.000	0.000	8.825	0.000	0.000	7.191	0.000	1.092	-1.675	0.000	0.000	0.000	0.286	0.000	-0.998	0.000	0.000	1	0	0	0	0	0	2	3	0	0	3.158	0.000	0	0	0	0	3	0	0	0	0	0	1	0	0	0	0.229
164	C=CCl	62.500	10.417	1	0	1	0	0	0.0	0.000	0.000	0.000	1.594	0.651	3.037	1.392	2.042	0.000	1.195	0.000	-0.249	-0.174	2.834	0.493	0.000	0.964	0.000	0.000	0.000	0.000	0.784	1.431	0.000	0.000	25.558	39.149	0.000	0.000	39.149	0.000	0.000	0.000	0.000	0.000	0.000	0.000	0.000	0.000	0.000	0.000	0.000	0.000	0	0	0	0	0	0	2	0	0	0	3.127	0.000	0	0	0	0	0	0	0	0	0	0	0	0	0	0	1.486
165	C=CF	46.050	7.675	1	0	1	0	1	0.0	0.000	0.000	0.000	0.940	2.056	4.333	1.424	2.042	0.000	1.195	0.000	-0.258	-0.194	1.773	0.538	0.000	0.279	0.000	0.000	0.000	0.000	1.495	1.641	0.000	0.000	31.179	0.000	0.000	0.000	0.000	0.000	0.000	0.000	0.000	0.000	0.000	0.000	0.000	0.000	0.000	0.000	0.000	0.000	0	0	0	0	0	0	2	0	0	0	2.694	0.000	0	0	0	0	0	0	0	0	0	0	0	0	0	0	0.940
166	Cc1ccccc1C	106.180	5.899	6	0	0	0	0	0.0	0.000	0.000	0.000	1.060	0.120	1.917	0.084	0.633	2.091	1.528	1.528	-0.678	na	6.483	1.894	0.800	1.275	1.381	0.510	0.000	0.000	1.062	1.100	1.506	17.650	0.000	0.000	0.000	17.650	0.000	0.000	6.371	0.000	0.000	-0.732	-3.451	0.000	0.000	0.000	0.000	0.000	0.000	0.000	2	0	0	0	0	6	4	0	0	0	0.000	0.000	0	0	0	0	0	0	0	0	0	0	0	0	0	0	8.653
